          65          15
    9.866    5.500  0.8436E-02  0.3184E-25   19.733    1.000
    9.866    8.551  0.1624E-02  0.6001E-02   19.733    4.002
    9.866   13.950  0.1862E-03  0.6292E-03   19.733    4.750
    9.866   20.200  0.5050E-04  0.1693E-03   19.733    8.750
    9.866   27.700  0.6882E-05  0.2269E-04   19.733    7.500
    9.866   37.700  0.1792E-05  0.5289E-05   19.733   10.000
    9.866   47.700  0.5612E-06  0.1258E-05   19.733   10.000
    9.866   57.700  0.2462E-06  0.3531E-06   19.733   10.000
    9.866   67.700  0.2154E-06  0.1626E-06   19.733   15.000
    9.866   87.700  0.1432E-06  0.2133E-07   19.733   20.000
    9.866  107.700  0.8745E-07  0.1292E-08   19.733   22.500
    9.866  132.700  0.5685E-07  0.5917E-09   19.733   25.000
    9.866  157.700  0.3131E-07  0.1277E-08   19.733   25.000
    9.866  182.700  0.2183E-07  0.1346E-08   19.733   25.000
    9.866  207.700  0.1190E-07  0.1111E-08   19.733   25.000
   29.599    5.500  0.5806E-01  0.2866E-24   19.733    1.000
   29.599    8.551  0.1216E-01  0.4472E-01   19.733    4.002
   29.599   13.950  0.1516E-02  0.5080E-02   19.733    4.750
   29.599   20.200  0.4277E-03  0.1419E-02   19.733    8.750
   29.599   27.700  0.6005E-04  0.1960E-03   19.733    7.500
   29.599   37.700  0.1587E-04  0.4658E-04   19.733   10.000
   29.599   47.700  0.5015E-05  0.1130E-04   19.733   10.000
   29.599   57.700  0.2205E-05  0.3246E-05   19.733   10.000
   29.599   67.700  0.1918E-05  0.1544E-05   19.733   15.000
   29.599   87.700  0.1257E-05  0.2337E-06   19.733   20.000
   29.599  107.700  0.7703E-06  0.3560E-07   19.733   22.500
   29.599  132.700  0.4954E-06  0.1242E-07   19.733   25.000
   29.599  157.700  0.2752E-06  0.1605E-07   19.733   25.000
   29.599  182.700  0.1887E-06  0.1318E-07   19.733   25.000
   29.599  207.700  0.1049E-06  0.1124E-07   19.733   25.000
   49.332    5.500  0.1036      0.7961E-24   19.733    1.000
   49.332    8.551  0.2417E-01  0.8807E-01   19.733    4.002
   49.332   13.950  0.3472E-02  0.1144E-01   19.733    4.750
   49.332   20.200  0.1057E-02  0.3436E-02   19.733    8.750
   49.332   27.700  0.1571E-03  0.5022E-03   19.733    7.500
   49.332   37.700  0.4294E-04  0.1244E-03   19.733   10.000
   49.332   47.700  0.1378E-04  0.3129E-04   19.733   10.000
   49.332   57.700  0.6103E-05  0.9375E-05   19.733   10.000
   49.332   67.700  0.5270E-05  0.4707E-05   19.733   15.000
   49.332   87.700  0.3391E-05  0.8717E-06   19.733   20.000
   49.332  107.700  0.2093E-05  0.1936E-06   19.733   22.500
   49.332  132.700  0.1338E-05  0.7053E-07   19.733   25.000
   49.332  157.700  0.7593E-06  0.5730E-07   19.733   25.000
   49.332  182.700  0.5146E-06  0.4263E-07   19.733   25.000
   49.332  207.700  0.2998E-06  0.3361E-07   19.733   25.000
   69.064    5.500  0.1171      0.1560E-23   19.733    1.000
   69.064    8.551  0.3092E-01  0.1112       19.733    4.002
   69.064   13.950  0.5284E-02  0.1703E-01   19.733    4.750
   69.064   20.200  0.1774E-02  0.5610E-02   19.733    8.750
   69.064   27.700  0.2844E-03  0.8830E-03   19.733    7.500
   69.064   37.700  0.8139E-04  0.2312E-03   19.733   10.000
   69.064   47.700  0.2668E-04  0.6099E-04   19.733   10.000
   69.064   57.700  0.1192E-04  0.1926E-04   19.733   10.000
   69.064   67.700  0.1022E-04  0.1031E-04   19.733   15.000
   69.064   87.700  0.6451E-05  0.2297E-05   19.733   20.000
   69.064  107.700  0.4010E-05  0.6245E-06   19.733   22.500
   69.064  132.700  0.2562E-05  0.2386E-06   19.733   25.000
   69.064  157.700  0.1490E-05  0.1437E-06   19.733   25.000
   69.064  182.700  0.1006E-05  0.9976E-07   19.733   25.000
   69.064  207.700  0.6161E-06  0.7103E-07   19.733   25.000
   88.797    5.500  0.1080      0.2579E-23   19.733    1.000
   88.797    8.551  0.3154E-01  0.1118       19.733    4.002
   88.797   13.950  0.6428E-02  0.2020E-01   19.733    4.750
   88.797   20.200  0.2419E-02  0.7399E-02   19.733    8.750
   88.797   27.700  0.4273E-03  0.1278E-02   19.733    7.500
   88.797   37.700  0.1293E-03  0.3578E-03   19.733   10.000
   88.797   47.700  0.4351E-04  0.9994E-04   19.733   10.000
   88.797   57.700  0.1961E-04  0.3344E-04   19.733   10.000
   88.797   67.700  0.1668E-04  0.1908E-04   19.733   15.000
   88.797   87.700  0.1034E-04  0.4948E-05   19.733   20.000
   88.797  107.700  0.6465E-05  0.1549E-05   19.733   22.500
   88.797  132.700  0.4136E-05  0.5953E-06   19.733   25.000
   88.797  157.700  0.2466E-05  0.3119E-06   19.733   25.000
   88.797  182.700  0.1667E-05  0.1978E-06   19.733   25.000
   88.797  207.700  0.1068E-05  0.1316E-06   19.733   25.000
  108.530    5.500  0.8606E-01  0.3853E-23   19.733    1.000
  108.530    8.551  0.2735E-01  0.9516E-01   19.733    4.002
  108.530   13.950  0.6762E-02  0.2063E-01   19.733    4.750
  108.530   20.200  0.2903E-02  0.8552E-02   19.733    8.750
  108.530   27.700  0.5729E-03  0.1644E-02   19.733    7.500
  108.530   37.700  0.1848E-03  0.4966E-03   19.733   10.000
  108.530   47.700  0.6399E-04  0.1474E-03   19.733   10.000
  108.530   57.700  0.2907E-04  0.5222E-04   19.733   10.000
  108.530   67.700  0.2454E-04  0.3158E-04   19.733   15.000
  108.530   87.700  0.1490E-04  0.9213E-05   19.733   20.000
  108.530  107.700  0.9333E-05  0.3166E-05   19.733   22.500
  108.530  132.700  0.5970E-05  0.1223E-05   19.733   25.000
  108.530  157.700  0.3629E-05  0.5954E-06   19.733   25.000
  108.530  182.700  0.2459E-05  0.3506E-06   19.733   25.000
  108.530  207.700  0.1629E-05  0.2220E-06   19.733   25.000
  128.263    5.500  0.6436E-01  0.5381E-23   19.733    1.000
  128.263    8.551  0.2183E-01  0.7449E-01   19.733    4.002
  128.263   13.950  0.6444E-02  0.1910E-01   19.733    4.750
  128.263   20.200  0.3186E-02  0.9043E-02   19.733    8.750
  128.263   27.700  0.7104E-03  0.1956E-02   19.733    7.500
  128.263   37.700  0.2457E-03  0.6406E-03   19.733   10.000
  128.263   47.700  0.8773E-04  0.2023E-03   19.733   10.000
  128.263   57.700  0.4015E-04  0.7572E-04   19.733   10.000
  128.263   67.700  0.3363E-04  0.4823E-04   19.733   15.000
  128.263   87.700  0.1996E-04  0.1543E-04   19.733   20.000
  128.263  107.700  0.1245E-04  0.5652E-05   19.733   22.500
  128.263  132.700  0.7937E-05  0.2203E-05   19.733   25.000
  128.263  157.700  0.4885E-05  0.1027E-05   19.733   25.000
  128.263  182.700  0.3316E-05  0.5725E-06   19.733   25.000
  128.263  207.700  0.2246E-05  0.3487E-06   19.733   25.000
  147.995    5.500  0.4571E-01  0.7165E-23   19.733    1.000
  147.995    8.551  0.1615E-01  0.5388E-01   19.733    4.002
  147.995   13.950  0.5656E-02  0.1626E-01   19.733    4.750
  147.995   20.200  0.3257E-02  0.8913E-02   19.733    8.750
  147.995   27.700  0.8287E-03  0.2193E-02   19.733    7.500
  147.995   37.700  0.3092E-03  0.7843E-03   19.733   10.000
  147.995   47.700  0.1140E-03  0.2634E-03   19.733   10.000
  147.995   57.700  0.5260E-04  0.1037E-03   19.733   10.000
  147.995   67.700  0.4374E-04  0.6904E-04   19.733   15.000
  147.995   87.700  0.2536E-04  0.2377E-04   19.733   20.000
  147.995  107.700  0.1567E-04  0.9130E-05   19.733   22.500
  147.995  132.700  0.9928E-05  0.3599E-05   19.733   25.000
  147.995  157.700  0.6150E-05  0.1635E-05   19.733   25.000
  147.995  182.700  0.4176E-05  0.8782E-06   19.733   25.000
  147.995  207.700  0.2871E-05  0.5189E-06   19.733   25.000
  167.728    5.500  0.3163E-01  0.9203E-23   19.733    1.000
  167.728    8.551  0.1150E-01  0.3750E-01   19.733    4.002
  167.728   13.950  0.4682E-02  0.1308E-01   19.733    4.750
  167.728   20.200  0.3129E-02  0.8295E-02   19.733    8.750
  167.728   27.700  0.9182E-03  0.2350E-02   19.733    7.500
  167.728   37.700  0.3722E-03  0.9229E-03   19.733   10.000
  167.728   47.700  0.1420E-03  0.3290E-03   19.733   10.000
  167.728   57.700  0.6615E-04  0.1357E-03   19.733   10.000
  167.728   67.700  0.5466E-04  0.9388E-04   19.733   15.000
  167.728   87.700  0.3096E-04  0.3433E-04   19.733   20.000
  167.728  107.700  0.1888E-04  0.1370E-04   19.733   22.500
  167.728  132.700  0.1183E-04  0.5470E-05   19.733   25.000
  167.728  157.700  0.7339E-05  0.2450E-05   19.733   25.000
  167.728  182.700  0.4973E-05  0.1283E-05   19.733   25.000
  167.728  207.700  0.3449E-05  0.7401E-06   19.733   25.000
  187.461    5.500  0.2131E-01  0.1150E-22   19.733    1.000
  187.461    8.551  0.7832E-02  0.2494E-01   19.733    4.002
  187.461   13.950  0.3648E-02  0.9891E-02   19.733    4.750
  187.461   20.200  0.2844E-02  0.7322E-02   19.733    8.750
  187.461   27.700  0.9698E-03  0.2415E-02   19.733    7.500
  187.461   37.700  0.4307E-03  0.1049E-02   19.733   10.000
  187.461   47.700  0.1707E-03  0.3973E-03   19.733   10.000
  187.461   57.700  0.8047E-04  0.1711E-03   19.733   10.000
  187.461   67.700  0.6622E-04  0.1224E-03   19.733   15.000
  187.461   87.700  0.3670E-04  0.4707E-04   19.733   20.000
  187.461  107.700  0.2203E-04  0.1938E-04   19.733   22.500
  187.461  132.700  0.1361E-04  0.7845E-05   19.733   25.000
  187.461  157.700  0.8416E-05  0.3491E-05   19.733   25.000
  187.461  182.700  0.5680E-05  0.1798E-05   19.733   25.000
  187.461  207.700  0.3957E-05  0.1019E-05   19.733   25.000
  207.193    5.500  0.1422E-01  0.1404E-22   19.733    1.000
  207.193    8.551  0.5250E-02  0.1630E-01   19.733    4.002
  207.193   13.950  0.2746E-02  0.7238E-02   19.733    4.750
  207.193   20.200  0.2458E-02  0.6182E-02   19.733    8.750
  207.193   27.700  0.9748E-03  0.2380E-02   19.733    7.500
  207.193   37.700  0.4807E-03  0.1159E-02   19.733   10.000
  207.193   47.700  0.1990E-03  0.4662E-03   19.733   10.000
  207.193   57.700  0.9517E-04  0.2090E-03   19.733   10.000
  207.193   67.700  0.7824E-04  0.1542E-03   19.733   15.000
  207.193   87.700  0.4252E-04  0.6191E-04   19.733   20.000
  207.193  107.700  0.2508E-04  0.2619E-04   19.733   22.500
  207.193  132.700  0.1524E-04  0.1075E-04   19.733   25.000
  207.193  157.700  0.9350E-05  0.4778E-05   19.733   25.000
  207.193  182.700  0.6268E-05  0.2436E-05   19.733   25.000
  207.193  207.700  0.4370E-05  0.1363E-05   19.733   25.000
  226.926    5.500  0.9477E-02  0.1685E-22   19.733    1.000
  226.926    8.551  0.3473E-02  0.1055E-01   19.733    4.002
  226.926   13.950  0.1983E-02  0.5082E-02   19.733    4.750
  226.926   20.200  0.2023E-02  0.4981E-02   19.733    8.750
  226.926   27.700  0.9365E-03  0.2253E-02   19.733    7.500
  226.926   37.700  0.5184E-03  0.1241E-02   19.733   10.000
  226.926   47.700  0.2258E-03  0.5333E-03   19.733   10.000
  226.926   57.700  0.1101E-03  0.2489E-03   19.733   10.000
  226.926   67.700  0.9070E-04  0.1889E-03   19.733   15.000
  226.926   87.700  0.4850E-04  0.7879E-04   19.733   20.000
  226.926  107.700  0.2808E-04  0.3412E-04   19.733   22.500
  226.926  132.700  0.1673E-04  0.1421E-04   19.733   25.000
  226.926  157.700  0.1015E-04  0.6322E-05   19.733   25.000
  226.926  182.700  0.6743E-05  0.3204E-05   19.733   25.000
  226.926  207.700  0.4689E-05  0.1777E-05   19.733   25.000
  246.659    5.500  0.5624E-02  0.1990E-22   19.733    1.000
  246.659    8.551  0.2031E-02  0.5923E-02   19.733    4.002
  246.659   13.950  0.1322E-02  0.3251E-02   19.733    4.750
  246.659   20.200  0.1586E-02  0.3812E-02   19.733    8.750
  246.659   27.700  0.8621E-03  0.2049E-02   19.733    7.500
  246.659   37.700  0.5403E-03  0.1289E-02   19.733   10.000
  246.659   47.700  0.2502E-03  0.5958E-03   19.733   10.000
  246.659   57.700  0.1251E-03  0.2899E-03   19.733   10.000
  246.659   67.700  0.1037E-03  0.2261E-03   19.733   15.000
  246.659   87.700  0.5476E-04  0.9762E-04   19.733   20.000
  246.659  107.700  0.3112E-04  0.4315E-04   19.733   22.500
  246.659  132.700  0.1814E-04  0.1821E-04   19.733   25.000
  246.659  157.700  0.1085E-04  0.8132E-05   19.733   25.000
  246.659  182.700  0.7123E-05  0.4109E-05   19.733   25.000
  246.659  207.700  0.4927E-05  0.2265E-05   19.733   25.000
  266.392    5.500  0.3804E-02  0.2321E-22   19.733    1.000
  266.392    8.551  0.1348E-02  0.3843E-02   19.733    4.002
  266.392   13.950  0.9271E-03  0.2217E-02   19.733    4.750
  266.392   20.200  0.1216E-02  0.2875E-02   19.733    8.750
  266.392   27.700  0.7504E-03  0.1774E-02   19.733    7.500
  266.392   37.700  0.5441E-03  0.1299E-02   19.733   10.000
  266.392   47.700  0.2713E-03  0.6518E-03   19.733   10.000
  266.392   57.700  0.1397E-03  0.3309E-03   19.733   10.000
  266.392   67.700  0.1169E-03  0.2650E-03   19.733   15.000
  266.392   87.700  0.6133E-04  0.1182E-03   19.733   20.000
  266.392  107.700  0.3426E-04  0.5328E-04   19.733   22.500
  266.392  132.700  0.1951E-04  0.2277E-04   19.733   25.000
  266.392  157.700  0.1146E-04  0.1023E-04   19.733   25.000
  266.392  182.700  0.7407E-05  0.5160E-05   19.733   25.000
  266.392  207.700  0.5077E-05  0.2833E-05   19.733   25.000
  286.124    5.500  0.2316E-02  0.2678E-22   19.733    1.000
  286.124    8.551  0.7922E-03  0.2165E-02   19.733    4.002
  286.124   13.950  0.5958E-03  0.1360E-02   19.733    4.750
  286.124   20.200  0.8836E-03  0.2044E-02   19.733    8.750
  286.124   27.700  0.6303E-03  0.1481E-02   19.733    7.500
  286.124   37.700  0.5303E-03  0.1267E-02   19.733   10.000
  286.124   47.700  0.2875E-03  0.6951E-03   19.733   10.000
  286.124   57.700  0.1542E-03  0.3710E-03   19.733   10.000
  286.124   67.700  0.1312E-03  0.3060E-03   19.733   15.000
  286.124   87.700  0.6872E-04  0.1410E-03   19.733   20.000
  286.124  107.700  0.3776E-04  0.6460E-04   19.733   22.500
  286.124  132.700  0.2097E-04  0.2793E-04   19.733   25.000
  286.124  157.700  0.1206E-04  0.1260E-04   19.733   25.000
  286.124  182.700  0.7651E-05  0.6359E-05   19.733   25.000
  286.124  207.700  0.5180E-05  0.3481E-05   19.733   25.000
  305.857    5.500  0.1431E-02  0.3060E-22   19.733    1.000
  305.857    8.551  0.4661E-03  0.1205E-02   19.733    4.002
  305.857   13.950  0.3840E-03  0.8287E-03   19.733    4.750
  305.857   20.200  0.6355E-03  0.1434E-02   19.733    8.750
  305.857   27.700  0.5105E-03  0.1192E-02   19.733    7.500
  305.857   37.700  0.4974E-03  0.1188E-02   19.733   10.000
  305.857   47.700  0.2984E-03  0.7240E-03   19.733   10.000
  305.857   57.700  0.1685E-03  0.4093E-03   19.733   10.000
  305.857   67.700  0.1463E-03  0.3482E-03   19.733   15.000
  305.857   87.700  0.7700E-04  0.1656E-03   19.733   20.000
  305.857  107.700  0.4173E-04  0.7709E-04   19.733   22.500
  305.857  132.700  0.2260E-04  0.3368E-04   19.733   25.000
  305.857  157.700  0.1269E-04  0.1526E-04   19.733   25.000
  305.857  182.700  0.7880E-05  0.7712E-05   19.733   25.000
  305.857  207.700  0.5248E-05  0.4216E-05   19.733   25.000
  325.590    5.500  0.9135E-03  0.3468E-22   19.733    1.000
  325.590    8.551  0.2794E-03  0.6764E-03   19.733    4.002
  325.590   13.950  0.2490E-03  0.5026E-03   19.733    4.750
  325.590   20.200  0.4501E-03  0.9856E-03   19.733    8.750
  325.590   27.700  0.3994E-03  0.9246E-03   19.733    7.500
  325.590   37.700  0.4513E-03  0.1078E-02   19.733   10.000
  325.590   47.700  0.3023E-03  0.7339E-03   19.733   10.000
  325.590   57.700  0.1817E-03  0.4428E-03   19.733   10.000
  325.590   67.700  0.1625E-03  0.3907E-03   19.733   15.000
  325.590   87.700  0.8667E-04  0.1923E-03   19.733   20.000
  325.590  107.700  0.4648E-04  0.9094E-04   19.733   22.500
  325.590  132.700  0.2457E-04  0.4010E-04   19.733   25.000
  325.590  157.700  0.1345E-04  0.1823E-04   19.733   25.000
  325.590  182.700  0.8141E-05  0.9226E-05   19.733   25.000
  325.590  207.700  0.5314E-05  0.5037E-05   19.733   25.000
  345.322    5.500  0.5386E-03  0.3901E-22   19.733    1.000
  345.322    8.551  0.1458E-03  0.3029E-03   19.733    4.002
  345.322   13.950  0.1493E-03  0.2652E-03   19.733    4.750
  345.322   20.200  0.3053E-03  0.6372E-03   19.733    8.750
  345.322   27.700  0.3039E-03  0.6938E-03   19.733    7.500
  345.322   37.700  0.3984E-03  0.9480E-03   19.733   10.000
  345.322   47.700  0.2982E-03  0.7219E-03   19.733   10.000
  345.322   57.700  0.1927E-03  0.4686E-03   19.733   10.000
  345.322   67.700  0.1795E-03  0.4320E-03   19.733   15.000
  345.322   87.700  0.9817E-04  0.2214E-03   19.733   20.000
  345.322  107.700  0.5229E-04  0.1063E-03   19.733   22.500
  345.322  132.700  0.2702E-04  0.4724E-04   19.733   25.000
  345.322  157.700  0.1440E-04  0.2155E-04   19.733   25.000
  345.322  182.700  0.8488E-05  0.1091E-04   19.733   25.000
  345.322  207.700  0.5411E-05  0.5947E-05   19.733   25.000
  365.055    5.500  0.3820E-03  0.4359E-22   19.733    1.000
  365.055    8.551  0.9313E-04  0.1660E-03   19.733    4.002
  365.055   13.950  0.1037E-03  0.1632E-03   19.733    4.750
  365.055   20.200  0.2237E-03  0.4436E-03   19.733    8.750
  365.055   27.700  0.2339E-03  0.5230E-03   19.733    7.500
  365.055   37.700  0.3390E-03  0.8003E-03   19.733   10.000
  365.055   47.700  0.2856E-03  0.6860E-03   19.733   10.000
  365.055   57.700  0.2019E-03  0.4866E-03   19.733   10.000
  365.055   67.700  0.1973E-03  0.4716E-03   19.733   15.000
  365.055   87.700  0.1113E-03  0.2521E-03   19.733   20.000
  365.055  107.700  0.5921E-04  0.1230E-03   19.733   22.500
  365.055  132.700  0.3006E-04  0.5511E-04   19.733   25.000
  365.055  157.700  0.1563E-04  0.2521E-04   19.733   25.000
  365.055  182.700  0.8960E-05  0.1276E-04   19.733   25.000
  365.055  207.700  0.5562E-05  0.6950E-05   19.733   25.000
  384.788    5.500  0.2650E-03  0.4843E-22   19.733    1.000
  384.788    8.551  0.5480E-04  0.6888E-04   19.733    4.002
  384.788   13.950  0.6929E-04  0.8811E-04   19.733    4.750
  384.788   20.200  0.1595E-03  0.2922E-03   19.733    8.750
  384.788   27.700  0.1760E-03  0.3813E-03   19.733    7.500
  384.788   37.700  0.2830E-03  0.6598E-03   19.733   10.000
  384.788   47.700  0.2666E-03  0.6338E-03   19.733   10.000
  384.788   57.700  0.2058E-03  0.4904E-03   19.733   10.000
  384.788   67.700  0.2132E-03  0.5035E-03   19.733   15.000
  384.788   87.700  0.1265E-03  0.2848E-03   19.733   20.000
  384.788  107.700  0.6775E-04  0.1416E-03   19.733   22.500
  384.788  132.700  0.3391E-04  0.6389E-04   19.733   25.000
  384.788  157.700  0.1723E-04  0.2926E-04   19.733   25.000
  384.788  182.700  0.9610E-05  0.1480E-04   19.733   25.000
  384.788  207.700  0.5802E-05  0.8046E-05   19.733   25.000
  404.520    5.500  0.2027E-03  0.5353E-22   19.733    1.000
  404.520    8.551  0.3610E-04  0.2559E-04   19.733    4.002
  404.520   13.950  0.5044E-04  0.4961E-04   19.733    4.750
  404.520   20.200  0.1195E-03  0.1991E-03   19.733    8.750
  404.520   27.700  0.1354E-03  0.2809E-03   19.733    7.500
  404.520   37.700  0.2331E-03  0.5331E-03   19.733   10.000
  404.520   47.700  0.2410E-03  0.5646E-03   19.733   10.000
  404.520   57.700  0.2043E-03  0.4790E-03   19.733   10.000
  404.520   67.700  0.2274E-03  0.5276E-03   19.733   15.000
  404.520   87.700  0.1436E-03  0.3187E-03   19.733   20.000
  404.520  107.700  0.7787E-04  0.1618E-03   19.733   22.500
  404.520  132.700  0.3863E-04  0.7355E-04   19.733   25.000
  404.520  157.700  0.1926E-04  0.3371E-04   19.733   25.000
  404.520  182.700  0.1048E-04  0.1703E-04   19.733   25.000
  404.520  207.700  0.6158E-05  0.9238E-05   19.733   25.000
  424.253    5.500  0.1698E-03  0.5888E-22   19.733    1.000
  424.253    8.551  0.2782E-04  0.1062E-04   19.733    4.002
  424.253   13.950  0.4017E-04  0.3124E-04   19.733    4.750
  424.253   20.200  0.9396E-04  0.1409E-03   19.733    8.750
  424.253   27.700  0.1061E-03  0.2082E-03   19.733    7.500
  424.253   37.700  0.1897E-03  0.4222E-03   19.733   10.000
  424.253   47.700  0.2124E-03  0.4880E-03   19.733   10.000
  424.253   57.700  0.1974E-03  0.4540E-03   19.733   10.000
  424.253   67.700  0.2368E-03  0.5385E-03   19.733   15.000
  424.253   87.700  0.1617E-03  0.3519E-03   19.733   20.000
  424.253  107.700  0.8964E-04  0.1836E-03   19.733   22.500
  424.253  132.700  0.4438E-04  0.8422E-04   19.733   25.000
  424.253  157.700  0.2180E-04  0.3862E-04   19.733   25.000
  424.253  182.700  0.1161E-04  0.1947E-04   19.733   25.000
  424.253  207.700  0.6654E-05  0.1053E-04   19.733   25.000
  443.986    5.500  0.1453E-03  0.6448E-22   19.733    1.000
  443.986    8.551  0.2244E-04  0.3059E-05   19.733    4.002
  443.986   13.950  0.3275E-04  0.1946E-04   19.733    4.750
  443.986   20.200  0.7451E-04  0.9827E-04   19.733    8.750
  443.986   27.700  0.8301E-04  0.1517E-03   19.733    7.500
  443.986   37.700  0.1530E-03  0.3286E-03   19.733   10.000
  443.986   47.700  0.1837E-03  0.4125E-03   19.733   10.000
  443.986   57.700  0.1853E-03  0.4177E-03   19.733   10.000
  443.986   67.700  0.2392E-03  0.5328E-03   19.733   15.000
  443.986   87.700  0.1794E-03  0.3821E-03   19.733   20.000
  443.986  107.700  0.1029E-03  0.2067E-03   19.733   22.500
  443.986  132.700  0.5123E-04  0.9597E-04   19.733   25.000
  443.986  157.700  0.2492E-04  0.4401E-04   19.733   25.000
  443.986  182.700  0.1305E-04  0.2213E-04   19.733   25.000
  443.986  207.700  0.7313E-05  0.1192E-04   19.733   25.000
  463.719    5.500  0.1328E-03  0.7034E-22   19.733    1.000
  463.719    8.551  0.2107E-04  0.5545E-05   19.733    4.002
  463.719   13.950  0.2929E-04  0.1655E-04   19.733    4.750
  463.719   20.200  0.6343E-04  0.7637E-04   19.733    8.750
  463.719   27.700  0.6841E-04  0.1167E-03   19.733    7.500
  463.719   37.700  0.1252E-03  0.2582E-03   19.733   10.000
  463.719   47.700  0.1555E-03  0.3394E-03   19.733   10.000
  463.719   57.700  0.1676E-03  0.3688E-03   19.733   10.000
  463.719   67.700  0.2343E-03  0.5098E-03   19.733   15.000
  463.719   87.700  0.1971E-03  0.4098E-03   19.733   20.000
  463.719  107.700  0.1174E-03  0.2306E-03   19.733   22.500
  463.719  132.700  0.5910E-04  0.1086E-03   19.733   25.000
  463.719  157.700  0.2863E-04  0.4989E-04   19.733   25.000
  463.719  182.700  0.1480E-04  0.2500E-04   19.733   25.000
  463.719  207.700  0.8142E-05  0.1341E-04   19.733   25.000
  483.451    5.500  0.1207E-03  0.7646E-22   19.733    1.000
  483.451    8.551  0.1975E-04  0.7886E-05   19.733    4.002
  483.451   13.950  0.2618E-04  0.1446E-04   19.733    4.750
  483.451   20.200  0.5397E-04  0.5899E-04   19.733    8.750
  483.451   27.700  0.5615E-04  0.8849E-04   19.733    7.500
  483.451   37.700  0.1016E-03  0.1993E-03   19.733   10.000
  483.451   47.700  0.1299E-03  0.2744E-03   19.733   10.000
  483.451   57.700  0.1486E-03  0.3187E-03   19.733   10.000
  483.451   67.700  0.2228E-03  0.4738E-03   19.733   15.000
  483.451   87.700  0.2098E-03  0.4268E-03   19.733   20.000
  483.451  107.700  0.1322E-03  0.2539E-03   19.733   22.500
  483.451  132.700  0.6799E-04  0.1222E-03   19.733   25.000
  483.451  157.700  0.3296E-04  0.5632E-04   19.733   25.000
  483.451  182.700  0.1691E-04  0.2815E-04   19.733   25.000
  483.451  207.700  0.9191E-05  0.1505E-04   19.733   25.000
  503.184    5.500  0.1097E-03  0.8282E-22   19.733    1.000
  503.184    8.551  0.1858E-04  0.1014E-04   19.733    4.002
  503.184   13.950  0.2361E-04  0.1343E-04   19.733    4.750
  503.184   20.200  0.4663E-04  0.4732E-04   19.733    8.750
  503.184   27.700  0.4689E-04  0.6857E-04   19.733    7.500
  503.184   37.700  0.8323E-04  0.1549E-03   19.733   10.000
  503.184   47.700  0.1079E-03  0.2197E-03   19.733   10.000
  503.184   57.700  0.1285E-03  0.2680E-03   19.733   10.000
  503.184   67.700  0.2041E-03  0.4239E-03   19.733   15.000
  503.184   87.700  0.2175E-03  0.4329E-03   19.733   20.000
  503.184  107.700  0.1472E-03  0.2764E-03   19.733   22.500
  503.184  132.700  0.7765E-04  0.1365E-03   19.733   25.000
  503.184  157.700  0.3781E-04  0.6317E-04   19.733   25.000
  503.184  182.700  0.1938E-04  0.3157E-04   19.733   25.000
  503.184  207.700  0.1047E-04  0.1683E-04   19.733   25.000
  522.917    5.500  0.9895E-04  0.8945E-22   19.733    1.000
  522.917    8.551  0.1734E-04  0.1182E-04   19.733    4.002
  522.917   13.950  0.2125E-04  0.1275E-04   19.733    4.750
  522.917   20.200  0.4051E-04  0.3891E-04   19.733    8.750
  522.917   27.700  0.3948E-04  0.5388E-04   19.733    7.500
  522.917   37.700  0.6844E-04  0.1206E-03   19.733   10.000
  522.917   47.700  0.8890E-04  0.1740E-03   19.733   10.000
  522.917   57.700  0.1088E-03  0.2202E-03   19.733   10.000
  522.917   67.700  0.1818E-03  0.3682E-03   19.733   15.000
  522.917   87.700  0.2185E-03  0.4262E-03   19.733   20.000
  522.917  107.700  0.1602E-03  0.2950E-03   19.733   22.500
  522.917  132.700  0.8791E-04  0.1512E-03   19.733   25.000
  522.917  157.700  0.4327E-04  0.7058E-04   19.733   25.000
  522.917  182.700  0.2222E-04  0.3527E-04   19.733   25.000
  522.917  207.700  0.1197E-04  0.1876E-04   19.733   25.000
  542.649    5.500  0.8801E-04  0.9633E-22   19.733    1.000
  542.649    8.551  0.1588E-04  0.1259E-04   19.733    4.002
  542.649   13.950  0.1889E-04  0.1187E-04   19.733    4.750
  542.649   20.200  0.3491E-04  0.3190E-04   19.733    8.750
  542.649   27.700  0.3306E-04  0.4203E-04   19.733    7.500
  542.649   37.700  0.5593E-04  0.9286E-04   19.733   10.000
  542.649   47.700  0.7257E-04  0.1359E-03   19.733   10.000
  542.649   57.700  0.9086E-04  0.1780E-03   19.733   10.000
  542.649   67.700  0.1585E-03  0.3129E-03   19.733   15.000
  542.649   87.700  0.2121E-03  0.4060E-03   19.733   20.000
  542.649  107.700  0.1695E-03  0.3069E-03   19.733   22.500
  542.649  132.700  0.9843E-04  0.1660E-03   19.733   25.000
  542.649  157.700  0.4932E-04  0.7858E-04   19.733   25.000
  542.649  182.700  0.2541E-04  0.3927E-04   19.733   25.000
  542.649  207.700  0.1365E-04  0.2079E-04   19.733   25.000
  562.382    5.500  0.7708E-04  0.1035E-21   19.733    1.000
  562.382    8.551  0.1420E-04  0.1233E-04   19.733    4.002
  562.382   13.950  0.1657E-04  0.1083E-04   19.733    4.750
  562.382   20.200  0.3004E-04  0.2668E-04   19.733    8.750
  562.382   27.700  0.2789E-04  0.3369E-04   19.733    7.500
  562.382   37.700  0.4624E-04  0.7308E-04   19.733   10.000
  562.382   47.700  0.5955E-04  0.1071E-03   19.733   10.000
  562.382   57.700  0.7509E-04  0.1425E-03   19.733   10.000
  562.382   67.700  0.1342E-03  0.2582E-03   19.733   15.000
  562.382   87.700  0.1976E-03  0.3713E-03   19.733   20.000
  562.382  107.700  0.1755E-03  0.3127E-03   19.733   22.500
  562.382  132.700  0.1092E-03  0.1807E-03   19.733   25.000
  562.382  157.700  0.5586E-04  0.8699E-04   19.733   25.000
  562.382  182.700  0.2892E-04  0.4351E-04   19.733   25.000
  562.382  207.700  0.1550E-04  0.2292E-04   19.733   25.000
  582.115    5.500  0.6652E-04  0.1108E-21   19.733    1.000
  582.115    8.551  0.1247E-04  0.1164E-04   19.733    4.002
  582.115   13.950  0.1432E-04  0.9680E-05   19.733    4.750
  582.115   20.200  0.2552E-04  0.2206E-04   19.733    8.750
  582.115   27.700  0.2326E-04  0.2668E-04   19.733    7.500
  582.115   37.700  0.3782E-04  0.5668E-04   19.733   10.000
  582.115   47.700  0.4830E-04  0.8316E-04   19.733   10.000
  582.115   57.700  0.6128E-04  0.1123E-03   19.733   10.000
  582.115   67.700  0.1120E-03  0.2095E-03   19.733   15.000
  582.115   87.700  0.1797E-03  0.3314E-03   19.733   20.000
  582.115  107.700  0.1755E-03  0.3086E-03   19.733   22.500
  582.115  132.700  0.1180E-03  0.1927E-03   19.733   25.000
  582.115  157.700  0.6237E-04  0.9540E-04   19.733   25.000
  582.115  182.700  0.3262E-04  0.4795E-04   19.733   25.000
  582.115  207.700  0.1751E-04  0.2518E-04   19.733   25.000
  601.848    5.500  0.5648E-04  0.1185E-21   19.733    1.000
  601.848    8.551  0.1073E-04  0.1048E-04   19.733    4.002
  601.848   13.950  0.1218E-04  0.8425E-05   19.733    4.750
  601.848   20.200  0.2144E-04  0.1816E-04   19.733    8.750
  601.848   27.700  0.1929E-04  0.2120E-04   19.733    7.500
  601.848   37.700  0.3090E-04  0.4421E-04   19.733   10.000
  601.848   47.700  0.3914E-04  0.6472E-04   19.733   10.000
  601.848   57.700  0.4977E-04  0.8821E-04   19.733   10.000
  601.848   67.700  0.9220E-04  0.1679E-03   19.733   15.000
  601.848   87.700  0.1581E-03  0.2861E-03   19.733   20.000
  601.848  107.700  0.1698E-03  0.2944E-03   19.733   22.500
  601.848  132.700  0.1251E-03  0.2021E-03   19.733   25.000
  601.848  157.700  0.6872E-04  0.1036E-03   19.733   25.000
  601.848  182.700  0.3643E-04  0.5246E-04   19.733   25.000
  601.848  207.700  0.1965E-04  0.2752E-04   19.733   25.000
  621.580    5.500  0.4720E-04  0.1264E-21   19.733    1.000
  621.580    8.551  0.9047E-05  0.9124E-05   19.733    4.002
  621.580   13.950  0.1019E-04  0.7167E-05   19.733    4.750
  621.580   20.200  0.1780E-04  0.1482E-04   19.733    8.750
  621.580   27.700  0.1586E-04  0.1682E-04   19.733    7.500
  621.580   37.700  0.2511E-04  0.3447E-04   19.733   10.000
  621.580   47.700  0.3158E-04  0.5026E-04   19.733   10.000
  621.580   57.700  0.4013E-04  0.6884E-04   19.733   10.000
  621.580   67.700  0.7495E-04  0.1328E-03   19.733   15.000
  621.580   87.700  0.1356E-03  0.2406E-03   19.733   20.000
  621.580  107.700  0.1591E-03  0.2722E-03   19.733   22.500
  621.580  132.700  0.1290E-03  0.2065E-03   19.733   25.000
  621.580  157.700  0.7437E-04  0.1109E-03   19.733   25.000
  621.580  182.700  0.4023E-04  0.5698E-04   19.733   25.000
  621.580  207.700  0.2188E-04  0.2995E-04   19.733   25.000
  641.313    5.500  0.3885E-04  0.1345E-21   19.733    1.000
  641.313    8.551  0.7503E-05  0.7759E-05   19.733    4.002
  641.313   13.950  0.8399E-05  0.5982E-05   19.733    4.750
  641.313   20.200  0.1456E-04  0.1193E-04   19.733    8.750
  641.313   27.700  0.1287E-04  0.1319E-04   19.733    7.500
  641.313   37.700  0.2017E-04  0.2656E-04   19.733   10.000
  641.313   47.700  0.2521E-04  0.3858E-04   19.733   10.000
  641.313   57.700  0.3201E-04  0.5307E-04   19.733   10.000
  641.313   67.700  0.6022E-04  0.1037E-03   19.733   15.000
  641.313   87.700  0.1140E-03  0.1983E-03   19.733   20.000
  641.313  107.700  0.1445E-03  0.2442E-03   19.733   22.500
  641.313  132.700  0.1288E-03  0.2047E-03   19.733   25.000
  641.313  157.700  0.7888E-04  0.1168E-03   19.733   25.000
  641.313  182.700  0.4388E-04  0.6139E-04   19.733   25.000
  641.313  207.700  0.2414E-04  0.3242E-04   19.733   25.000
  661.046    5.500  0.3155E-04  0.1429E-21   19.733    1.000
  661.046    8.551  0.6112E-05  0.6381E-05   19.733    4.002
  661.046   13.950  0.6827E-05  0.4879E-05   19.733    4.750
  661.046   20.200  0.1180E-04  0.9554E-05   19.733    8.750
  661.046   27.700  0.1040E-04  0.1041E-04   19.733    7.500
  661.046   37.700  0.1622E-04  0.2075E-04   19.733   10.000
  661.046   47.700  0.2023E-04  0.3008E-04   19.733   10.000
  661.046   57.700  0.2565E-04  0.4141E-04   19.733   10.000
  661.046   67.700  0.4837E-04  0.8129E-04   19.733   15.000
  661.046   87.700  0.9343E-04  0.1596E-03   19.733   20.000
  661.046  107.700  0.1255E-03  0.2094E-03   19.733   22.500
  661.046  132.700  0.1246E-03  0.1969E-03   19.733   25.000
  661.046  157.700  0.8238E-04  0.1214E-03   19.733   25.000
  661.046  182.700  0.4734E-04  0.6561E-04   19.733   25.000
  661.046  207.700  0.2640E-04  0.3490E-04   19.733   25.000
  680.778    5.500  0.2520E-04  0.1516E-21   19.733    1.000
  680.778    8.551  0.4893E-05  0.5142E-05   19.733    4.002
  680.778   13.950  0.5455E-05  0.3903E-05   19.733    4.750
  680.778   20.200  0.9408E-05  0.7520E-05   19.733    8.750
  680.778   27.700  0.8268E-05  0.8082E-05   19.733    7.500
  680.778   37.700  0.1285E-04  0.1596E-04   19.733   10.000
  680.778   47.700  0.1601E-04  0.2310E-04   19.733   10.000
  680.778   57.700  0.2027E-04  0.3181E-04   19.733   10.000
  680.778   67.700  0.3829E-04  0.6275E-04   19.733   15.000
  680.778   87.700  0.7541E-04  0.1264E-03   19.733   20.000
  680.778  107.700  0.1069E-03  0.1762E-03   19.733   22.500
  680.778  132.700  0.1169E-03  0.1836E-03   19.733   25.000
  680.778  157.700  0.8352E-04  0.1227E-03   19.733   25.000
  680.778  182.700  0.5011E-04  0.6908E-04   19.733   25.000
  680.778  207.700  0.2850E-04  0.3727E-04   19.733   25.000
  700.511    5.500  0.1990E-04  0.1605E-21   19.733    1.000
  700.511    8.551  0.3863E-05  0.4057E-05   19.733    4.002
  700.511   13.950  0.4308E-05  0.3070E-05   19.733    4.750
  700.511   20.200  0.7430E-05  0.5870E-05   19.733    8.750
  700.511   27.700  0.6529E-05  0.6269E-05   19.733    7.500
  700.511   37.700  0.1014E-04  0.1232E-04   19.733   10.000
  700.511   47.700  0.1262E-04  0.1778E-04   19.733   10.000
  700.511   57.700  0.1597E-04  0.2450E-04   19.733   10.000
  700.511   67.700  0.3020E-04  0.4846E-04   19.733   15.000
  700.511   87.700  0.6026E-04  0.9935E-04   19.733   20.000
  700.511  107.700  0.8878E-04  0.1445E-03   19.733   22.500
  700.511  132.700  0.1055E-03  0.1647E-03   19.733   25.000
  700.511  157.700  0.8232E-04  0.1208E-03   19.733   25.000
  700.511  182.700  0.5218E-04  0.7181E-04   19.733   25.000
  700.511  207.700  0.3038E-04  0.3946E-04   19.733   25.000
  720.244    5.500  0.1546E-04  0.1697E-21   19.733    1.000
  720.244    8.551  0.2997E-05  0.3126E-05   19.733    4.002
  720.244   13.950  0.3347E-05  0.2366E-05   19.733    4.750
  720.244   20.200  0.5783E-05  0.4519E-05   19.733    8.750
  720.244   27.700  0.5092E-05  0.4823E-05   19.733    7.500
  720.244   37.700  0.7928E-05  0.9468E-05   19.733   10.000
  720.244   47.700  0.9854E-05  0.1363E-04   19.733   10.000
  720.244   57.700  0.1247E-04  0.1878E-04   19.733   10.000
  720.244   67.700  0.2361E-04  0.3721E-04   19.733   15.000
  720.244   87.700  0.4754E-04  0.7719E-04   19.733   20.000
  720.244  107.700  0.7214E-04  0.1160E-03   19.733   22.500
  720.244  132.700  0.9237E-04  0.1433E-03   19.733   25.000
  720.244  157.700  0.7894E-04  0.1158E-03   19.733   25.000
  720.244  182.700  0.5323E-04  0.7328E-04   19.733   25.000
  720.244  207.700  0.3196E-04  0.4136E-04   19.733   25.000
  739.976    5.500  0.1176E-04  0.1791E-21   19.733    1.000
  739.976    8.551  0.2273E-05  0.2348E-05   19.733    4.002
  739.976   13.950  0.2545E-05  0.1780E-05   19.733    4.750
  739.976   20.200  0.4409E-05  0.3405E-05   19.733    8.750
  739.976   27.700  0.3894E-05  0.3641E-05   19.733    7.500
  739.976   37.700  0.6086E-05  0.7154E-05   19.733   10.000
  739.976   47.700  0.7572E-05  0.1029E-04   19.733   10.000
  739.976   57.700  0.9595E-05  0.1418E-04   19.733   10.000
  739.976   67.700  0.1818E-04  0.2814E-04   19.733   15.000
  739.976   87.700  0.3696E-04  0.5905E-04   19.733   20.000
  739.976  107.700  0.5768E-04  0.9158E-04   19.733   22.500
  739.976  132.700  0.7914E-04  0.1220E-03   19.733   25.000
  739.976  157.700  0.7362E-04  0.1079E-03   19.733   25.000
  739.976  182.700  0.5306E-04  0.7316E-04   19.733   25.000
  739.976  207.700  0.3314E-04  0.4289E-04   19.733   25.000
  759.709    5.500  0.8955E-05  0.1888E-21   19.733    1.000
  759.709    8.551  0.1724E-05  0.1755E-05   19.733    4.002
  759.709   13.950  0.1938E-05  0.1337E-05   19.733    4.750
  759.709   20.200  0.3370E-05  0.2585E-05   19.733    8.750
  759.709   27.700  0.2992E-05  0.2787E-05   19.733    7.500
  759.709   37.700  0.4709E-05  0.5516E-05   19.733   10.000
  759.709   47.700  0.5890E-05  0.7960E-05   19.733   10.000
  759.709   57.700  0.7487E-05  0.1098E-04   19.733   10.000
  759.709   67.700  0.1422E-04  0.2181E-04   19.733   15.000
  759.709   87.700  0.2902E-04  0.4595E-04   19.733   20.000
  759.709  107.700  0.4583E-04  0.7216E-04   19.733   22.500
  759.709  132.700  0.6540E-04  0.1002E-03   19.733   25.000
  759.709  157.700  0.6584E-04  0.9640E-04   19.733   25.000
  759.709  182.700  0.5173E-04  0.7159E-04   19.733   25.000
  759.709  207.700  0.3413E-04  0.4433E-04   19.733   25.000
  779.442    5.500  0.6577E-05  0.1987E-21   19.733    1.000
  779.442    8.551  0.1260E-05  0.1256E-05   19.733    4.002
  779.442   13.950  0.1423E-05  0.9655E-06   19.733    4.750
  779.442   20.200  0.2488E-05  0.1894E-05   19.733    8.750
  779.442   27.700  0.2225E-05  0.2068E-05   19.733    7.500
  779.442   37.700  0.3537E-05  0.4134E-05   19.733   10.000
  779.442   47.700  0.4458E-05  0.5993E-05   19.733   10.000
  779.442   57.700  0.5691E-05  0.8282E-05   19.733   10.000
  779.442   67.700  0.1084E-04  0.1647E-04   19.733   15.000
  779.442   87.700  0.2224E-04  0.3485E-04   19.733   20.000
  779.442  107.700  0.3563E-04  0.5554E-04   19.733   22.500
  779.442  132.700  0.5312E-04  0.8083E-04   19.733   25.000
  779.442  157.700  0.5789E-04  0.8462E-04   19.733   25.000
  779.442  182.700  0.4919E-04  0.6828E-04   19.733   25.000
  779.442  207.700  0.3417E-04  0.4456E-04   19.733   25.000
  799.175    5.500  0.4870E-05  0.2089E-21   19.733    1.000
  799.175    8.551  0.9281E-06  0.9066E-06   19.733    4.002
  799.175   13.950  0.1054E-05  0.7044E-06   19.733    4.750
  799.175   20.200  0.1856E-05  0.1408E-05   19.733    8.750
  799.175   27.700  0.1674E-05  0.1563E-05   19.733    7.500
  799.175   37.700  0.2692E-05  0.3163E-05   19.733   10.000
  799.175   47.700  0.3423E-05  0.4610E-05   19.733   10.000
  799.175   57.700  0.4395E-05  0.6386E-05   19.733   10.000
  799.175   67.700  0.8399E-05  0.1271E-04   19.733   15.000
  799.175   87.700  0.1732E-04  0.2698E-04   19.733   20.000
  799.175  107.700  0.2801E-04  0.4339E-04   19.733   22.500
  799.175  132.700  0.4295E-04  0.6502E-04   19.733   25.000
  799.175  157.700  0.4922E-04  0.7179E-04   19.733   25.000
  799.175  182.700  0.4444E-04  0.6176E-04   19.733   25.000
  799.175  207.700  0.3279E-04  0.4299E-04   19.733   25.000
  818.907    5.500  0.3637E-05  0.2194E-21   19.733    1.000
  818.907    8.551  0.6900E-06  0.6618E-06   19.733    4.002
  818.907   13.950  0.7880E-06  0.5207E-06   19.733    4.750
  818.907   20.200  0.1398E-05  0.1066E-05   19.733    8.750
  818.907   27.700  0.1274E-05  0.1206E-05   19.733    7.500
  818.907   37.700  0.2076E-05  0.2475E-05   19.733   10.000
  818.907   47.700  0.2665E-05  0.3629E-05   19.733   10.000
  818.907   57.700  0.3447E-05  0.5041E-05   19.733   10.000
  818.907   67.700  0.6617E-05  0.1005E-04   19.733   15.000
  818.907   87.700  0.1371E-04  0.2134E-04   19.733   20.000
  818.907  107.700  0.2224E-04  0.3438E-04   19.733   22.500
  818.907  132.700  0.3446E-04  0.5201E-04   19.733   25.000
  818.907  157.700  0.4051E-04  0.5893E-04   19.733   25.000
  818.907  182.700  0.3851E-04  0.5356E-04   19.733   25.000
  818.907  207.700  0.3046E-04  0.4022E-04   19.733   25.000
  838.640    5.500  0.2582E-05  0.2301E-21   19.733    1.000
  838.640    8.551  0.4868E-06  0.4545E-06   19.733    4.002
  838.640   13.950  0.5605E-06  0.3647E-06   19.733    4.750
  838.640   20.200  0.1006E-05  0.7735E-06   19.733    8.750
  838.640   27.700  0.9295E-06  0.8984E-06   19.733    7.500
  838.640   37.700  0.1544E-05  0.1880E-05   19.733   10.000
  838.640   47.700  0.2009E-05  0.2777E-05   19.733   10.000
  838.640   57.700  0.2622E-05  0.3871E-05   19.733   10.000
  838.640   67.700  0.5064E-05  0.7731E-05   19.733   15.000
  838.640   87.700  0.1055E-04  0.1643E-04   19.733   20.000
  838.640  107.700  0.1719E-04  0.2652E-04   19.733   22.500
  838.640  132.700  0.2699E-04  0.4058E-04   19.733   25.000
  838.640  157.700  0.3270E-04  0.4743E-04   19.733   25.000
  838.640  182.700  0.3290E-04  0.4581E-04   19.733   25.000
  838.640  207.700  0.2789E-04  0.3706E-04   19.733   25.000
  858.373    5.500  0.1711E-05  0.2410E-21   19.733    1.000
  858.373    8.551  0.3195E-06  0.2855E-06   19.733    4.002
  858.373   13.950  0.3726E-06  0.2368E-06   19.733    4.750
  858.373   20.200  0.6808E-06  0.5311E-06   19.733    8.750
  858.373   27.700  0.6430E-06  0.6419E-06   19.733    7.500
  858.373   37.700  0.1098E-05  0.1379E-05   19.733   10.000
  858.373   47.700  0.1456E-05  0.2058E-05   19.733   10.000
  858.373   57.700  0.1926E-05  0.2882E-05   19.733   10.000
  858.373   67.700  0.3749E-05  0.5767E-05   19.733   15.000
  858.373   87.700  0.7865E-05  0.1226E-04   19.733   20.000
  858.373  107.700  0.1289E-04  0.1983E-04   19.733   22.500
  858.373  132.700  0.2057E-04  0.3079E-04   19.733   25.000
  858.373  157.700  0.2584E-04  0.3736E-04   19.733   25.000
  858.373  182.700  0.2768E-04  0.3856E-04   19.733   25.000
  858.373  207.700  0.2511E-04  0.3356E-04   19.733   25.000
  878.105    5.500  0.1023E-05  0.2522E-21   19.733    1.000
  878.105    8.551  0.1878E-06  0.1546E-06   19.733    4.002
  878.105   13.950  0.2241E-06  0.1370E-06   19.733    4.750
  878.105   20.200  0.4227E-06  0.3393E-06   19.733    8.750
  878.105   27.700  0.4142E-06  0.4361E-06   19.733    7.500
  878.105   37.700  0.7384E-06  0.9725E-06   19.733   10.000
  878.105   47.700  0.1008E-05  0.1472E-05   19.733   10.000
  878.105   57.700  0.1357E-05  0.2073E-05   19.733   10.000
  878.105   67.700  0.2672E-05  0.4159E-05   19.733   15.000
  878.105   87.700  0.5661E-05  0.8843E-05   19.733   20.000
  878.105  107.700  0.9344E-05  0.1435E-04   19.733   22.500
  878.105  132.700  0.1522E-04  0.2267E-04   19.733   25.000
  878.105  157.700  0.1996E-04  0.2876E-04   19.733   25.000
  878.105  182.700  0.2287E-04  0.3190E-04   19.733   25.000
  878.105  207.700  0.2218E-04  0.2979E-04   19.733   25.000
  897.838    5.500  0.6298E-06  0.2637E-21   19.733    1.000
  897.838    8.551  0.1138E-06  0.8570E-07   19.733    4.002
  897.838   13.950  0.1393E-06  0.8287E-07   19.733    4.750
  897.838   20.200  0.2723E-06  0.2292E-06   19.733    8.750
  897.838   27.700  0.2777E-06  0.3123E-06   19.733    7.500
  897.838   37.700  0.5176E-06  0.7191E-06   19.733   10.000
  897.838   47.700  0.7259E-06  0.1100E-05   19.733   10.000
  897.838   57.700  0.9934E-06  0.1555E-05   19.733   10.000
  897.838   67.700  0.1974E-05  0.3122E-05   19.733   15.000
  897.838   87.700  0.4215E-05  0.6627E-05   19.733   20.000
  897.838  107.700  0.6991E-05  0.1075E-04   19.733   22.500
  897.838  132.700  0.1153E-04  0.1716E-04   19.733   25.000
  897.838  157.700  0.1552E-04  0.2233E-04   19.733   25.000
  897.838  182.700  0.1852E-04  0.2584E-04   19.733   25.000
  897.838  207.700  0.1877E-04  0.2528E-04   19.733   25.000
  917.571    5.500  0.4256E-06  0.2754E-21   19.733    1.000
  917.571    8.551  0.7661E-07  0.5593E-07   19.733    4.002
  917.571   13.950  0.9512E-07  0.5761E-07   19.733    4.750
  917.571   20.200  0.1912E-06  0.1711E-06   19.733    8.750
  917.571   27.700  0.2009E-06  0.2411E-06   19.733    7.500
  917.571   37.700  0.3866E-06  0.5644E-06   19.733   10.000
  917.571   47.700  0.5522E-06  0.8668E-06   19.733   10.000
  917.571   57.700  0.7633E-06  0.1226E-05   19.733   10.000
  917.571   67.700  0.1524E-05  0.2457E-05   19.733   15.000
  917.571   87.700  0.3269E-05  0.5198E-05   19.733   20.000
  917.571  107.700  0.5428E-05  0.8406E-05   19.733   22.500
  917.571  132.700  0.8963E-05  0.1339E-04   19.733   25.000
  917.571  157.700  0.1212E-04  0.1747E-04   19.733   25.000
  917.571  182.700  0.1464E-04  0.2044E-04   19.733   25.000
  917.571  207.700  0.1524E-04  0.2055E-04   19.733   25.000
  937.304    5.500  0.2603E-06  0.2874E-21   19.733    1.000
  937.304    8.551  0.4665E-07  0.3274E-07   19.733    4.002
  937.304   13.950  0.5932E-07  0.3746E-07   19.733    4.750
  937.304   20.200  0.1247E-06  0.1232E-06   19.733    8.750
  937.304   27.700  0.1373E-06  0.1811E-06   19.733    7.500
  937.304   37.700  0.2765E-06  0.4320E-06   19.733   10.000
  937.304   47.700  0.4049E-06  0.6663E-06   19.733   10.000
  937.304   57.700  0.5670E-06  0.9422E-06   19.733   10.000
  937.304   67.700  0.1140E-05  0.1884E-05   19.733   15.000
  937.304   87.700  0.2457E-05  0.3965E-05   19.733   20.000
  937.304  107.700  0.4085E-05  0.6386E-05   19.733   22.500
  937.304  132.700  0.6755E-05  0.1014E-04   19.733   25.000
  937.304  157.700  0.9186E-05  0.1327E-04   19.733   25.000
  937.304  182.700  0.1128E-04  0.1575E-04   19.733   25.000
  937.304  207.700  0.1212E-04  0.1637E-04   19.733   25.000
  957.036    5.500  0.1335E-06  0.2996E-21   19.733    1.000
  957.036    8.551  0.2386E-07  0.1600E-07   19.733    4.002
  957.036   13.950  0.3177E-07  0.2235E-07   19.733    4.750
  957.036   20.200  0.7282E-07  0.8532E-07   19.733    8.750
  957.036   27.700  0.8677E-07  0.1321E-06   19.733    7.500
  957.036   37.700  0.1873E-06  0.3219E-06   19.733   10.000
  957.036   47.700  0.2840E-06  0.4986E-06   19.733   10.000
  957.036   57.700  0.4048E-06  0.7042E-06   19.733   10.000
  957.036   67.700  0.8203E-06  0.1403E-05   19.733   15.000
  957.036   87.700  0.1781E-05  0.2932E-05   19.733   20.000
  957.036  107.700  0.2964E-05  0.4693E-05   19.733   22.500
  957.036  132.700  0.4908E-05  0.7422E-05   19.733   25.000
  957.036  157.700  0.6723E-05  0.9749E-05   19.733   25.000
  957.036  182.700  0.8421E-05  0.1178E-04   19.733   25.000
  957.036  207.700  0.9416E-05  0.1274E-04   19.733   25.000
  976.769    5.500  0.4386E-07  0.3121E-21   19.733    1.000
  976.769    8.551  0.7988E-08  0.5422E-08   19.733    4.002
  976.769   13.950  0.1217E-07  0.1206E-07   19.733    4.750
  976.769   20.200  0.3499E-07  0.5714E-07   19.733    8.750
  976.769   27.700  0.4897E-07  0.9386E-07   19.733    7.500
  976.769   37.700  0.1186E-06  0.2338E-06   19.733   10.000
  976.769   47.700  0.1892E-06  0.3632E-06   19.733   10.000
  976.769   57.700  0.2760E-06  0.5115E-06   19.733   10.000
  976.769   67.700  0.5654E-06  0.1014E-05   19.733   15.000
  976.769   87.700  0.1237E-05  0.2096E-05   19.733   20.000
  976.769  107.700  0.2061E-05  0.3325E-05   19.733   22.500
  976.769  132.700  0.3418E-05  0.5225E-05   19.733   25.000
  976.769  157.700  0.4725E-05  0.6890E-05   19.733   25.000
  976.769  182.700  0.6075E-05  0.8512E-05   19.733   25.000
  976.769  207.700  0.7125E-05  0.9664E-05   19.733   25.000
  996.502    5.500  0.1621E-07  0.3248E-21   19.733    1.000
  996.502    8.551  0.3763E-08  0.5665E-08   19.733    4.002
  996.502   13.950  0.5859E-08  0.1011E-07   19.733    4.750
  996.502   20.200  0.2046E-07  0.4516E-07   19.733    8.750
  996.502   27.700  0.3196E-07  0.7317E-07   19.733    7.500
  996.502   37.700  0.8270E-07  0.1805E-06   19.733   10.000
  996.502   47.700  0.1355E-06  0.2783E-06   19.733   10.000
  996.502   57.700  0.1999E-06  0.3892E-06   19.733   10.000
  996.502   67.700  0.4111E-06  0.7656E-06   19.733   15.000
  996.502   87.700  0.9011E-06  0.1565E-05   19.733   20.000
  996.502  107.700  0.1499E-05  0.2460E-05   19.733   22.500
  996.502  132.700  0.2482E-05  0.3837E-05   19.733   25.000
  996.502  157.700  0.3443E-05  0.5057E-05   19.733   25.000
  996.502  182.700  0.4494E-05  0.6323E-05   19.733   25.000
  996.502  207.700  0.5424E-05  0.7385E-05   19.733   25.000
 1016.234    5.500  0.2476E-07  0.3378E-21   19.733    1.000
 1016.234    8.551  0.6261E-08  0.1184E-07   19.733    4.002
 1016.234   13.950  0.7319E-08  0.1283E-07   19.733    4.750
 1016.234   20.200  0.1972E-07  0.4274E-07   19.733    8.750
 1016.234   27.700  0.2748E-07  0.6322E-07   19.733    7.500
 1016.234   37.700  0.6702E-07  0.1492E-06   19.733   10.000
 1016.234   47.700  0.1076E-06  0.2258E-06   19.733   10.000
 1016.234   57.700  0.1571E-06  0.3122E-06   19.733   10.000
 1016.234   67.700  0.3211E-06  0.6093E-06   19.733   15.000
 1016.234   87.700  0.6984E-06  0.1232E-05   19.733   20.000
 1016.234  107.700  0.1155E-05  0.1920E-05   19.733   22.500
 1016.234  132.700  0.1904E-05  0.2972E-05   19.733   25.000
 1016.234  157.700  0.2628E-05  0.3891E-05   19.733   25.000
 1016.234  182.700  0.3427E-05  0.4850E-05   19.733   25.000
 1016.234  207.700  0.4148E-05  0.5674E-05   19.733   25.000
 1035.967    5.500  0.3406E-07  0.3511E-21   19.733    1.000
 1035.967    8.551  0.8721E-08  0.1726E-07   19.733    4.002
 1035.967   13.950  0.8956E-08  0.1525E-07   19.733    4.750
 1035.967   20.200  0.1971E-07  0.4071E-07   19.733    8.750
 1035.967   27.700  0.2412E-07  0.5466E-07   19.733    7.500
 1035.967   37.700  0.5419E-07  0.1221E-06   19.733   10.000
 1035.967   47.700  0.8423E-07  0.1805E-06   19.733   10.000
 1035.967   57.700  0.1211E-06  0.2459E-06   19.733   10.000
 1035.967   67.700  0.2448E-06  0.4749E-06   19.733   15.000
 1035.967   87.700  0.5262E-06  0.9456E-06   19.733   20.000
 1035.967  107.700  0.8635E-06  0.1458E-05   19.733   22.500
 1035.967  132.700  0.1413E-05  0.2234E-05   19.733   25.000
 1035.967  157.700  0.1937E-05  0.2898E-05   19.733   25.000
 1035.967  182.700  0.2522E-05  0.3597E-05   19.733   25.000
 1035.967  207.700  0.3063E-05  0.4215E-05   19.733   25.000
 1055.700    5.500  0.4387E-07  0.3646E-21   19.733    1.000
 1055.700    8.551  0.1110E-07  0.2189E-07   19.733    4.002
 1055.700   13.950  0.1073E-07  0.1734E-07   19.733    4.750
 1055.700   20.200  0.2036E-07  0.3905E-07   19.733    8.750
 1055.700   27.700  0.2183E-07  0.4746E-07   19.733    7.500
 1055.700   37.700  0.4412E-07  0.9939E-07   19.733   10.000
 1055.700   47.700  0.6537E-07  0.1424E-06   19.733   10.000
 1055.700   57.700  0.9157E-07  0.1904E-06   19.733   10.000
 1055.700   67.700  0.1822E-06  0.3623E-06   19.733   15.000
 1055.700   87.700  0.3842E-06  0.7068E-06   19.733   20.000
 1055.700  107.700  0.6227E-06  0.1073E-05   19.733   22.500
 1055.700  132.700  0.1008E-05  0.1621E-05   19.733   25.000
 1055.700  157.700  0.1368E-05  0.2077E-05   19.733   25.000
 1055.700  182.700  0.1775E-05  0.2562E-05   19.733   25.000
 1055.700  207.700  0.2166E-05  0.3008E-05   19.733   25.000
 1075.432    5.500  0.5393E-07  0.3783E-21   19.733    1.000
 1075.432    8.551  0.1336E-07  0.2570E-07   19.733    4.002
 1075.432   13.950  0.1257E-07  0.1909E-07   19.733    4.750
 1075.432   20.200  0.2157E-07  0.3773E-07   19.733    8.750
 1075.432   27.700  0.2052E-07  0.4157E-07   19.733    7.500
 1075.432   37.700  0.3668E-07  0.8083E-07   19.733   10.000
 1075.432   47.700  0.5080E-07  0.1114E-06   19.733   10.000
 1075.432   57.700  0.6845E-07  0.1451E-06   19.733   10.000
 1075.432   67.700  0.1327E-06  0.2710E-06   19.733   15.000
 1075.432   87.700  0.2715E-06  0.5142E-06   19.733   20.000
 1075.432  107.700  0.4314E-06  0.7645E-06   19.733   22.500
 1075.432  132.700  0.6863E-06  0.1131E-05   19.733   25.000
 1075.432  157.700  0.9178E-06  0.1423E-05   19.733   25.000
 1075.432  182.700  0.1185E-05  0.1738E-05   19.733   25.000
 1075.432  207.700  0.1454E-05  0.2045E-05   19.733   25.000
 1095.165    5.500  0.6394E-07  0.3923E-21   19.733    1.000
 1095.165    8.551  0.1546E-07  0.2871E-07   19.733    4.002
 1095.165   13.950  0.1444E-07  0.2047E-07   19.733    4.750
 1095.165   20.200  0.2323E-07  0.3669E-07   19.733    8.750
 1095.165   27.700  0.2007E-07  0.3692E-07   19.733    7.500
 1095.165   37.700  0.3166E-07  0.6621E-07   19.733   10.000
 1095.165   47.700  0.4026E-07  0.8705E-07   19.733   10.000
 1095.165   57.700  0.5130E-07  0.1098E-06   19.733   10.000
 1095.165   67.700  0.9570E-07  0.1999E-06   19.733   15.000
 1095.165   87.700  0.1866E-06  0.3654E-06   19.733   20.000
 1095.165  107.700  0.2871E-06  0.5273E-06   19.733   22.500
 1095.165  132.700  0.4441E-06  0.7567E-06   19.733   25.000
 1095.165  157.700  0.5797E-06  0.9273E-06   19.733   25.000
 1095.165  182.700  0.7409E-06  0.1115E-05   19.733   25.000
 1095.165  207.700  0.9159E-06  0.1314E-05   19.733   25.000
 1114.898    5.500  0.7355E-07  0.4066E-21   19.733    1.000
 1114.898    8.551  0.1733E-07  0.3090E-07   19.733    4.002
 1114.898   13.950  0.1625E-07  0.2147E-07   19.733    4.750
 1114.898   20.200  0.2518E-07  0.3585E-07   19.733    8.750
 1114.898   27.700  0.2034E-07  0.3338E-07   19.733    7.500
 1114.898   37.700  0.2878E-07  0.5525E-07   19.733   10.000
 1114.898   47.700  0.3334E-07  0.6890E-07   19.733   10.000
 1114.898   57.700  0.3962E-07  0.8367E-07   19.733   10.000
 1114.898   67.700  0.7009E-07  0.1477E-06   19.733   15.000
 1114.898   87.700  0.1272E-06  0.2572E-06   19.733   20.000
 1114.898  107.700  0.1861E-06  0.3566E-06   19.733   22.500
 1114.898  132.700  0.2750E-06  0.4903E-06   19.733   25.000
 1114.898  157.700  0.3451E-06  0.5777E-06   19.733   25.000
 1114.898  182.700  0.4329E-06  0.6772E-06   19.733   25.000
 1114.898  207.700  0.5393E-06  0.7976E-06   19.733   25.000
 1134.631    5.500  0.8237E-07  0.4211E-21   19.733    1.000
 1134.631    8.551  0.1892E-07  0.3228E-07   19.733    4.002
 1134.631   13.950  0.1792E-07  0.2210E-07   19.733    4.750
 1134.631   20.200  0.2727E-07  0.3514E-07   19.733    8.750
 1134.631   27.700  0.2114E-07  0.3080E-07   19.733    7.500
 1134.631   37.700  0.2769E-07  0.4752E-07   19.733   10.000
 1134.631   47.700  0.2956E-07  0.5627E-07   19.733   10.000
 1134.631   57.700  0.3272E-07  0.6572E-07   19.733   10.000
 1134.631   67.700  0.5452E-07  0.1123E-06   19.733   15.000
 1134.631   87.700  0.9043E-07  0.1854E-06   19.733   20.000
 1134.631  107.700  0.1236E-06  0.2453E-06   19.733   22.500
 1134.631  132.700  0.1709E-06  0.3199E-06   19.733   25.000
 1134.631  157.700  0.2024E-06  0.3584E-06   19.733   25.000
 1134.631  182.700  0.2454E-06  0.4047E-06   19.733   25.000
 1134.631  207.700  0.3061E-06  0.4724E-06   19.733   25.000
 1154.363    5.500  0.8997E-07  0.4359E-21   19.733    1.000
 1154.363    8.551  0.2018E-07  0.3289E-07   19.733    4.002
 1154.363   13.950  0.1936E-07  0.2233E-07   19.733    4.750
 1154.363   20.200  0.2929E-07  0.3445E-07   19.733    8.750
 1154.363   27.700  0.2227E-07  0.2899E-07   19.733    7.500
 1154.363   37.700  0.2797E-07  0.4250E-07   19.733   10.000
 1154.363   47.700  0.2831E-07  0.4833E-07   19.733   10.000
 1154.363   57.700  0.2974E-07  0.5475E-07   19.733   10.000
 1154.363   67.700  0.4730E-07  0.9115E-07   19.733   15.000
 1154.363   87.700  0.7266E-07  0.1444E-06   19.733   20.000
 1154.363  107.700  0.9348E-07  0.1843E-06   19.733   22.500
 1154.363  132.700  0.1215E-06  0.2306E-06   19.733   25.000
 1154.363  157.700  0.1369E-06  0.2489E-06   19.733   25.000
 1154.363  182.700  0.1592E-06  0.2713E-06   19.733   25.000
 1154.363  207.700  0.1940E-06  0.3091E-06   19.733   25.000
 1174.096    5.500  0.9587E-07  0.4509E-21   19.733    1.000
 1174.096    8.551  0.2104E-07  0.3277E-07   19.733    4.002
 1174.096   13.950  0.2047E-07  0.2218E-07   19.733    4.750
 1174.096   20.200  0.3103E-07  0.3369E-07   19.733    8.750
 1174.096   27.700  0.2348E-07  0.2772E-07   19.733    7.500
 1174.096   37.700  0.2911E-07  0.3957E-07   19.733   10.000
 1174.096   47.700  0.2885E-07  0.4404E-07   19.733   10.000
 1174.096   57.700  0.2968E-07  0.4923E-07   19.733   10.000
 1174.096   67.700  0.4638E-07  0.8123E-07   19.733   15.000
 1174.096   87.700  0.6942E-07  0.1276E-06   19.733   20.000
 1174.096  107.700  0.8819E-07  0.1626E-06   19.733   22.500
 1174.096  132.700  0.1141E-06  0.2045E-06   19.733   25.000
 1174.096  157.700  0.1308E-06  0.2247E-06   19.733   25.000
 1174.096  182.700  0.1511E-06  0.2458E-06   19.733   25.000
 1174.096  207.700  0.1759E-06  0.2717E-06   19.733   25.000
 1193.829    5.500  0.9953E-07  0.4662E-21   19.733    1.000
 1193.829    8.551  0.2142E-07  0.3196E-07   19.733    4.002
 1193.829   13.950  0.2114E-07  0.2164E-07   19.733    4.750
 1193.829   20.200  0.3223E-07  0.3270E-07   19.733    8.750
 1193.829   27.700  0.2448E-07  0.2672E-07   19.733    7.500
 1193.829   37.700  0.3052E-07  0.3796E-07   19.733   10.000
 1193.829   47.700  0.3032E-07  0.4218E-07   19.733   10.000
 1193.829   57.700  0.3131E-07  0.4737E-07   19.733   10.000
 1193.829   67.700  0.4932E-07  0.7885E-07   19.733   15.000
 1193.829   87.700  0.7544E-07  0.1270E-06   19.733   20.000
 1193.829  107.700  0.9893E-07  0.1671E-06   19.733   22.500
 1193.829  132.700  0.1340E-06  0.2203E-06   19.733   25.000
 1193.829  157.700  0.1630E-06  0.2563E-06   19.733   25.000
 1193.829  182.700  0.1935E-06  0.2909E-06   19.733   25.000
 1193.829  207.700  0.2194E-06  0.3176E-06   19.733   25.000
 1213.561    5.500  0.1004E-06  0.4818E-21   19.733    1.000
 1213.561    8.551  0.2127E-07  0.3054E-07   19.733    4.002
 1213.561   13.950  0.2124E-07  0.2073E-07   19.733    4.750
 1213.561   20.200  0.3262E-07  0.3136E-07   19.733    8.750
 1213.561   27.700  0.2496E-07  0.2568E-07   19.733    7.500
 1213.561   37.700  0.3153E-07  0.3681E-07   19.733   10.000
 1213.561   47.700  0.3171E-07  0.4133E-07   19.733   10.000
 1213.561   57.700  0.3323E-07  0.4708E-07   19.733   10.000
 1213.561   67.700  0.5329E-07  0.7974E-07   19.733   15.000
 1213.561   87.700  0.8459E-07  0.1333E-06   19.733   20.000
 1213.561  107.700  0.1154E-06  0.1827E-06   19.733   22.500
 1213.561  132.700  0.1639E-06  0.2531E-06   19.733   25.000
 1213.561  157.700  0.2089E-06  0.3095E-06   19.733   25.000
 1213.561  182.700  0.2544E-06  0.3632E-06   19.733   25.000
 1213.561  207.700  0.2869E-06  0.3973E-06   19.733   25.000
 1233.294    5.500  0.9778E-07  0.4975E-21   19.733    1.000
 1233.294    8.551  0.2048E-07  0.2859E-07   19.733    4.002
 1233.294   13.950  0.2064E-07  0.1944E-07   19.733    4.750
 1233.294   20.200  0.3188E-07  0.2949E-07   19.733    8.750
 1233.294   27.700  0.2454E-07  0.2424E-07   19.733    7.500
 1233.294   37.700  0.3136E-07  0.3510E-07   19.733   10.000
 1233.294   47.700  0.3190E-07  0.3983E-07   19.733   10.000
 1233.294   57.700  0.3384E-07  0.4595E-07   19.733   10.000
 1233.294   67.700  0.5506E-07  0.7898E-07   19.733   15.000
 1233.294   87.700  0.8983E-07  0.1359E-06   19.733   20.000
 1233.294  107.700  0.1259E-06  0.1916E-06   19.733   22.500
 1233.294  132.700  0.1840E-06  0.2743E-06   19.733   25.000
 1233.294  157.700  0.2404E-06  0.3453E-06   19.733   25.000
 1233.294  182.700  0.2969E-06  0.4129E-06   19.733   25.000
 1233.294  207.700  0.3352E-06  0.4536E-06   19.733   25.000
 1253.027    5.500  0.9105E-07  0.5136E-21   19.733    1.000
 1253.027    8.551  0.1899E-07  0.2620E-07   19.733    4.002
 1253.027   13.950  0.1920E-07  0.1781E-07   19.733    4.750
 1253.027   20.200  0.2967E-07  0.2691E-07   19.733    8.750
 1253.027   27.700  0.2284E-07  0.2200E-07   19.733    7.500
 1253.027   37.700  0.2917E-07  0.3170E-07   19.733   10.000
 1253.027   47.700  0.2959E-07  0.3582E-07   19.733   10.000
 1253.027   57.700  0.3133E-07  0.4125E-07   19.733   10.000
 1253.027   67.700  0.5097E-07  0.7097E-07   19.733   15.000
 1253.027   87.700  0.8322E-07  0.1227E-06   19.733   20.000
 1253.027  107.700  0.1170E-06  0.1742E-06   19.733   22.500
 1253.027  132.700  0.1718E-06  0.2514E-06   19.733   25.000
 1253.027  157.700  0.2255E-06  0.3190E-06   19.733   25.000
 1253.027  182.700  0.2793E-06  0.3835E-06   19.733   25.000
 1253.027  207.700  0.3154E-06  0.4220E-06   19.733   25.000
 1272.759    5.500  0.7943E-07  0.5299E-21   19.733    1.000
 1272.759    8.551  0.1671E-07  0.2349E-07   19.733    4.002
 1272.759   13.950  0.1674E-07  0.1584E-07   19.733    4.750
 1272.759   20.200  0.2561E-07  0.2342E-07   19.733    8.750
 1272.759   27.700  0.1939E-07  0.1852E-07   19.733    7.500
 1272.759   37.700  0.2398E-07  0.2531E-07   19.733   10.000
 1272.759   47.700  0.2336E-07  0.2720E-07   19.733   10.000
 1272.759   57.700  0.2368E-07  0.2990E-07   19.733   10.000
 1272.759   67.700  0.3691E-07  0.4945E-07   19.733   15.000
 1272.759   87.700  0.5581E-07  0.8005E-07   19.733   20.000
 1272.759  107.700  0.7363E-07  0.1079E-06   19.733   22.500
 1272.759  132.700  0.1021E-06  0.1481E-06   19.733   25.000
 1272.759  157.700  0.1283E-06  0.1808E-06   19.733   25.000
 1272.759  182.700  0.1549E-06  0.2118E-06   19.733   25.000
 1272.759  207.700  0.1725E-06  0.2298E-06   19.733   25.000
