  0.500000000000000       0.000000000000000d-00
   1.00000000000000       0.000000000000000d-00
   1.50000000000000       0.000000000000000d-00
   2.00000000000000       0.000000000000000d-00
   2.50000000000000       0.000000000000000d-00
   3.00000000000000       0.000000000000000d-00
   3.50000000000000       0.000000000000000d-00
   4.00000000000000       0.000000000000000d-00
   4.50000000000000       0.000000000000000d-00
   5.00000000000000       0.000000000000000d-00
   5.50000000000000       0.000000000000000d-00
   6.00000000000000       0.000000000000000d-00
   6.50000000000000       0.000000000000000d-00
   7.00000000000000       0.000000000000000d-00
   7.50000000000000       1.465352538640661d-04
   8.00000000000000       3.344394551122543d-04
   8.50000000000000       5.486233005228296d-04
   9.00000000000000       7.898207010477070d-04
   9.50000000000000       1.058769354151504d-03
   10.0000000000000       1.356210148761011d-03
   10.5000000000000       1.682886545916933d-03
   11.0000000000000       2.039543935152230d-03
   11.5000000000000       2.426928966672728d-03
   12.0000000000000       2.845788859443459d-03
   12.5000000000000       3.296870685337885d-03
   13.0000000000000       3.780920629532562d-03
   13.5000000000000       4.298683227392701d-03
   14.0000000000000       4.850900578120017d-03
   14.5000000000000       5.438311535486177d-03
   15.0000000000000       6.061650876025550d-03
   15.5000000000000       6.721648445092440d-03
   16.0000000000000       7.419028281246100d-03
   16.5000000000000       8.154507719472955d-03
   17.0000000000000       8.928796473788943d-03
   17.5000000000000       9.742595699833176d-03
   18.0000000000000       1.059659703809212d-02
   18.5000000000000       1.149148163845020d-02
   19.0000000000000       1.242791916680852d-02
   19.5000000000000       1.340656679456469d-02
   20.0000000000000       1.442806817177879d-02
   20.5000000000000       1.549305238491850d-02
   21.0000000000000       1.660213290010506d-02
   21.5000000000000       1.775590649283358d-02
   22.0000000000000       1.895495216518875d-02
   22.5000000000000       2.019983005161622d-02
   23.0000000000000       2.149108031435444d-02
   23.5000000000000       2.282922202967434d-02
   24.0000000000000       2.421475206611814d-02
   24.5000000000000       2.564814395595763d-02
   25.0000000000000       2.712984676114934d-02
   25.5000000000000       2.866028393507577d-02
   26.0000000000000       3.023985218142503d-02
   26.5000000000000       3.186892031156736d-02
   27.0000000000000       3.354782810184366d-02
   27.5000000000000       3.527688515218953d-02
   28.0000000000000       3.705636974755977d-02
   28.5000000000000       3.888652772364628d-02
   29.0000000000000       4.076757133838190d-02
   29.5000000000000       4.269967815078403d-02
   30.0000000000000       4.468298990866690d-02
   30.5000000000000       4.671761144680360d-02
   31.0000000000000       4.880360959710560d-02
   31.5000000000000       5.094101211242049d-02
   32.0000000000000       5.312980660553792d-02
   32.5000000000000       5.536993950501143d-02
   33.0000000000000       5.766131502940228d-02
   33.5000000000000       6.000379418154799d-02
   34.0000000000000       6.239719376446174d-02
   34.5000000000000       6.484128542045241d-02
   35.0000000000000       6.733579469505883d-02
   35.5000000000000       6.988040012735904d-02
   36.0000000000000       7.247473236822473d-02
   36.5000000000000       7.511837332804877d-02
   37.0000000000000       7.781085535546226d-02
   37.5000000000000       8.055166044853582d-02
   38.0000000000000       8.334021949991935d-02
   38.5000000000000       8.617591157735134d-02
   39.0000000000000       8.905806324093368d-02
   39.5000000000000       9.198594789852078d-02
   40.0000000000000       9.495878520054341d-02
   40.5000000000000       9.797574047553070d-02
   41.0000000000000       0.101035924207555     
   41.5000000000000       0.104138391556767     
   42.0000000000000       0.107282141924145     
   42.5000000000000       0.110466118561507     
   43.0000000000000       0.113689208227796     
   43.5000000000000       0.116950240892585     
   44.0000000000000       0.120247989487654     
   44.5000000000000       0.123581169707469     
   45.0000000000000       0.126948439859297     
   45.5000000000000       0.130348400763612     
   46.0000000000000       0.133779595705404     
   46.5000000000000       0.137240510436891     
   47.0000000000000       0.140729573232087     
   47.5000000000000       0.144245154993579     
   48.0000000000000       0.147782453923901     
   48.5000000000000       0.151350710865825     
   49.0000000000000       0.154949395141310     
   49.5000000000000       0.158577959143689     
   50.0000000000000       0.162235837375593     
   50.5000000000000       0.165922446681205     
   51.0000000000000       0.169637186496162     
   51.5000000000000       0.173379439114961     
   52.0000000000000       0.177148569975713     
   52.5000000000000       0.180943927962051     
   53.0000000000000       0.184764845721985     
   53.5000000000000       0.188610640003463     
   54.0000000000000       0.192480612006387     
   54.5000000000000       0.196374047750790     
   55.0000000000000       0.200290218460871     
   55.5000000000000       0.204228380964563     
   56.0000000000000       0.208187778108271     
   56.5000000000000       0.212167639186409     
   57.0000000000000       0.216167180385347     
   57.5000000000000       0.220185605241328     
   58.0000000000000       0.224222105111942     
   58.5000000000000       0.228275859660673     
   59.0000000000000       0.232346037354055     
   59.5000000000000       0.236431795970935     
   60.0000000000000       0.240532283123318     
   60.5000000000000       0.244646636788273     
   61.0000000000000       0.248773985850334     
   61.5000000000000       0.252913450653843     
   62.0000000000000       0.257064143564641     
   62.5000000000000       0.261225169540514     
   63.0000000000000       0.265395626709790     
   63.5000000000000       0.269574606957449     
   64.0000000000000       0.273761196518128     
   64.5000000000000       0.277954476575368     
   65.0000000000000       0.282153523866443     
   65.5000000000000       0.286357411292123     
   66.0000000000000       0.290565208530677     
   66.5000000000000       0.294775982655466     
   67.0000000000000       0.298988798755418     
   67.5000000000000       0.303202720557711     
   68.0000000000000       0.305904731828734     
   68.5000000000000       0.310126326611334     
   69.0000000000000       0.314347227154623     
   69.5000000000000       0.318567052233914     
   70.0000000000000       0.322785420915994     
   70.5000000000000       0.327001952662272     
   71.0000000000000       0.331216267431770     
   71.5000000000000       0.335427985783875     
   72.0000000000000       0.339636728980828     
   72.5000000000000       0.343842119089889     
   73.0000000000000       0.348043779085149     
   73.5000000000000       0.352241332948922     
   74.0000000000000       0.356434405772689     
   74.5000000000000       0.360622623857545     
   75.0000000000000       0.364805614814095     
   75.5000000000000       0.368983007661767     
   76.0000000000000       0.373154432927489     
   76.5000000000000       0.377319522743690     
   77.0000000000000       0.381477910945584     
   77.5000000000000       0.385629233167685     
   78.0000000000000       0.389773126939527     
   78.5000000000000       0.393909231780523     
   79.0000000000000       0.398037189293951     
   79.5000000000000       0.402156643259996     
   80.0000000000000       0.406267239727839     
   80.5000000000000       0.410368627106719     
   81.0000000000000       0.414460456255964     
   81.5000000000000       0.418542380573924     
   82.0000000000000       0.422614056085782     
   82.5000000000000       0.426675141530214     
   83.0000000000000       0.430725298444836     
   83.5000000000000       0.434764191250433     
   84.0000000000000       0.438791487333908     
   84.5000000000000       0.442806857129945     
   85.0000000000000       0.446809974201320     
   85.5000000000000       0.450800515317858     
   86.0000000000000       0.454778160533989     
   86.5000000000000       0.458742593264871     
   87.0000000000000       0.462693500361056     
   87.5000000000000       0.466630572181676     
   88.0000000000000       0.470553502666099     
   88.5000000000000       0.474461989404054     
   89.0000000000000       0.478355733704182     
   89.5000000000000       0.482234440660998     
   90.0000000000000       0.486097819220224     
   90.5000000000000       0.489945582242493     
   91.0000000000000       0.493777446565381     
   91.5000000000000       0.497593133063757     
   92.0000000000000       0.501392366708427     
   92.5000000000000       0.505174876623050     
   93.0000000000000       0.508940396139318     
   93.5000000000000       0.512688662850368     
   94.0000000000000       0.516419418662421     
   94.5000000000000       0.520132409844630     
   95.0000000000000       0.523827387077118     
   95.5000000000000       0.527504105497202     
   96.0000000000000       0.531162324743781     
   96.5000000000000       0.534801808999886     
   97.0000000000000       0.538422327033373     
   97.5000000000000       0.542023652235755     
   98.0000000000000       0.545605562659173     
   98.5000000000000       0.549167841051481     
   99.0000000000000       0.552710274889452     
   99.5000000000000       0.556232656410103     
   100.000000000000       0.559734782640119     
   100.500000000000       0.563216455423399     
   101.000000000000       0.566677481446690     
   101.500000000000       0.570117672263343     
   102.000000000000       0.573536844315162     
   102.500000000000       0.576934818952366     
   103.000000000000       0.580311422451660     
   103.500000000000       0.583666486032414     
   104.000000000000       0.586999845870970     
   104.500000000000       0.590311343113057     
   105.000000000000       0.593600823884352     
   105.500000000000       0.596868139299161     
   106.000000000000       0.600113145467260     
   106.500000000000       0.603335703498881     
   107.000000000000       0.606535679507865     
   107.500000000000       0.609712944612995     
   108.000000000000       0.612867374937510     
   108.500000000000       0.615998851606826     
   109.000000000000       0.619107260744473     
   109.500000000000       0.622192493466249     
   110.000000000000       0.625254445872639     
   110.500000000000       0.628293019039482     
   111.000000000000       0.631308119006917     
   111.500000000000       0.634299656766634     
   112.000000000000       0.637267548247434     
   112.500000000000       0.640211714299127     
   113.000000000000       0.643132080674786     
   113.500000000000       0.646028578011375     
   114.000000000000       0.648901141808781     
   114.500000000000       0.651749712407259     
   115.000000000000       0.654574234963329     
   115.500000000000       0.657374659424137     
   116.000000000000       0.660150940500307     
   116.500000000000       0.662903037637315     
   117.000000000000       0.665630914985399     
   117.500000000000       0.668334541368047     
   118.000000000000       0.671013890249069     
   118.500000000000       0.673668939698305     
   119.000000000000       0.676299672355975     
   119.500000000000       0.678943362167684     
   120.000000000000       0.681566913183714     
   120.500000000000       0.684170391989959     
   121.000000000000       0.686753871563646     
   121.500000000000       0.689317425795670     
   122.000000000000       0.691861129483280     
   122.500000000000       0.694385058322340     
   123.000000000000       0.696889288899201     
   123.500000000000       0.699373898682171     
   124.000000000000       0.701838966012604     
   124.500000000000       0.704284570095611     
   125.000000000000       0.706710790990409     
   125.500000000000       0.709117709600303     
   126.000000000000       0.711505407662329     
   126.500000000000       0.713873967736541     
   127.000000000000       0.716223473194988     
   127.500000000000       0.718554008210349     
   128.000000000000       0.720865657744262     
   128.500000000000       0.723158507535354     
   129.000000000000       0.725432644086966     
   129.500000000000       0.727688154654603     
   130.000000000000       0.729925127233101     
   130.500000000000       0.732143650543526     
   131.000000000000       0.734343814019825     
   131.500000000000       0.736525707795216     
   132.000000000000       0.738689422688352     
   132.500000000000       0.740835050189245     
   133.000000000000       0.742962682444982     
   133.500000000000       0.745072412245217     
   134.000000000000       0.747164333007474     
   134.500000000000       0.749238538762254     
   135.000000000000       0.751295124137958     
   135.500000000000       0.753334184345641     
   136.000000000000       0.755355815163602     
   136.500000000000       0.757360112921818     
   137.000000000000       0.759347174486235     
   137.500000000000       0.761317097242924     
   138.000000000000       0.763269979082110     
   138.500000000000       0.765205918382085     
   139.000000000000       0.767125013993008     
   139.500000000000       0.769027365220616     
   140.000000000000       0.770913071809832     
   140.500000000000       0.772782233928308     
   141.000000000000       0.774634952149875     
   141.500000000000       0.776471327437953     
   142.000000000000       0.778291461128882     
   142.500000000000       0.780095454915229     
   143.000000000000       0.781883410829040     
   143.500000000000       0.783655431225070     
   144.000000000000       0.785411618763993     
   144.500000000000       0.787152076395595     
   145.000000000000       0.788876907341962     
   145.500000000000       0.790586215080677     
   146.000000000000       0.792280103328019     
   146.500000000000       0.793958676022187     
   147.000000000000       0.795622037306549     
   147.500000000000       0.797270291512923     
   148.000000000000       0.798903543144900     
   148.500000000000       0.800521896861217     
   149.000000000000       0.802125457459181     
   149.500000000000       0.803714329858163     
   150.000000000000       0.805288619083152     
   150.500000000000       0.806848430248397     
   151.000000000000       0.808393868541118     
   151.500000000000       0.809925039205319     
   152.000000000000       0.811442047525689     
   152.500000000000       0.812944998811606     
   153.000000000000       0.814433998381251     
   153.500000000000       0.815909151545838     
   154.000000000000       0.817370563593954     
   154.500000000000       0.818818339776034     
   155.000000000000       0.820252585288965     
   155.500000000000       0.821673405260820     
   156.000000000000       0.823080904735743     
   156.500000000000       0.824475188658969     
   157.000000000000       0.825856361862006     
   157.500000000000       0.827224529047964     
   158.000000000000       0.828579794777049     
   158.500000000000       0.829922263452225     
   159.000000000000       0.831252039305033     
   159.500000000000       0.832569226381602     
   160.000000000000       0.833873928528816     
   160.500000000000       0.835166249380682     
   161.000000000000       0.836446292344866     
   161.500000000000       0.837714160589430     
   162.000000000000       0.838969957029751     
   162.500000000000       0.840213784315643     
   163.000000000000       0.841445744818670     
   163.500000000000       0.842665940619662     
   164.000000000000       0.843874473496440     
   164.500000000000       0.845071444911737     
   165.000000000000       0.846256956001333     
   165.500000000000       0.847431107562404     
   166.000000000000       0.848594000042081     
   166.500000000000       0.849745733526219     
   167.000000000000       0.850886407728392     
   167.500000000000       0.852016121979104     
   168.000000000000       0.853134975215213     
   168.500000000000       0.854243065969590     
   169.000000000000       0.855340492360989     
   169.500000000000       0.856427352084147     
   170.000000000000       0.857503742400111     
   170.500000000000       0.858569760126784     
   171.000000000000       0.859625501629711     
   171.500000000000       0.860671062813074     
   172.000000000000       0.861706539110935     
   172.500000000000       0.862732025478696     
   173.000000000000       0.863747616384786     
   173.500000000000       0.864753405802587     
   174.000000000000       0.865749487202584     
   174.500000000000       0.866735953544738     
   175.000000000000       0.867712897271099     
   175.500000000000       0.868680410298641     
   176.000000000000       0.869638584012325     
   176.500000000000       0.870587509258391     
   177.000000000000       0.871527276337880     
   177.500000000000       0.872457975000373     
   178.000000000000       0.873379694437969     
   178.500000000000       0.874292523279472     
   179.000000000000       0.875196549584817     
   179.500000000000       0.876091860839705     
   180.000000000000       0.876978543950466     
   180.500000000000       0.877856685239142     
   181.000000000000       0.878726370438783     
   181.500000000000       0.879587684688968     
   182.000000000000       0.880440712531532     
   182.500000000000       0.881285537906515     
   183.000000000000       0.882122244148316     
   183.500000000000       0.882950913982060     
   184.000000000000       0.883771629520178     
   184.500000000000       0.884584472259179     
   185.000000000000       0.885389523076644     
   185.500000000000       0.886186862228411     
   186.000000000000       0.886976569345959     
   186.500000000000       0.887758723433995     
   187.000000000000       0.888533402868238     
   187.500000000000       0.889300685393385     
   188.000000000000       0.890060648121283     
   188.500000000000       0.890813367529274     
   189.000000000000       0.891558919458740     
   189.500000000000       0.892297379113818     
   190.000000000000       0.893028821060308     
   190.500000000000       0.893753319224747     
   191.000000000000       0.894470946893670     
   191.500000000000       0.895181776713032     
   192.000000000000       0.895885880687814     
   192.500000000000       0.896583330181780     
   193.000000000000       0.897274195917413     
   193.500000000000       0.897958547976000     
   194.000000000000       0.898636455797889     
   194.500000000000       0.899307988182890     
   195.000000000000       0.899973213290834     
   195.500000000000       0.900632198642284     
   196.000000000000       0.901285011119391     
   196.500000000000       0.901931716966890     
   197.000000000000       0.902572381793248     
   197.500000000000       0.903207070571938     
   198.000000000000       0.903835847642856     
   198.500000000000       0.904458776713870     
   199.000000000000       0.905075920862496     
   199.500000000000       0.905687342537698     
   200.000000000000       0.906293103561817     
   200.500000000000       0.906893265132620     
   201.000000000000       0.907487887825458     
   201.500000000000       0.908077031595549     
   202.000000000000       0.908660755780368     
   202.500000000000       0.909239119102141     
   203.000000000000       0.909812179670455     
   203.500000000000       0.910379994984956     
   204.000000000000       0.910942621938163     
   204.500000000000       0.911500116818363     
   205.000000000000       0.912052535312613     
   205.500000000000       0.912599932509823     
   206.000000000000       0.913142362903930     
   206.500000000000       0.913679880397160     
   207.000000000000       0.914212538303366     
   207.500000000000       0.914740389351456     
   208.000000000000       0.915263485688881     
   208.500000000000       0.915781878885215     
   209.000000000000       0.916295619935787     
   209.500000000000       0.916804759265404     
   210.000000000000       0.917309346732115     
   210.500000000000       0.917809431631058     
   211.000000000000       0.918305062698352     
   211.500000000000       0.918796288115062     
   212.000000000000       0.919283155511199     
   212.500000000000       0.919765711969793     
   213.000000000000       0.920244004031002     
   213.500000000000       0.920718077696273     
   214.000000000000       0.921187978432550     
   214.500000000000       0.921653751176517     
   215.000000000000       0.922115440338893     
   215.500000000000       0.922573089808750     
   216.000000000000       0.923026742957879     
   216.500000000000       0.923476442645182     
   217.000000000000       0.923922231221097     
   217.500000000000       0.924364150532052     
   218.000000000000       0.924802241924940     
   218.500000000000       0.925236546251629     
   219.000000000000       0.925667103873483     
   219.500000000000       0.926093954665910     
   220.000000000000       0.926517138022923     
   220.500000000000       0.926936692861720     
   221.000000000000       0.927352657627280     
   221.500000000000       0.927765070296965     
   222.000000000000       0.928173968385137     
   222.500000000000       0.928579388947781     
   223.000000000000       0.928981368587136     
   223.500000000000       0.929379943456332     
   224.000000000000       0.929775149264023     
   224.500000000000       0.930167021279030     
   225.000000000000       0.930555594334979     
   225.500000000000       0.930940902834940     
   226.000000000000       0.931322980756055     
   226.500000000000       0.931701861654175     
   227.000000000000       0.932077578668473     
   227.500000000000       0.932450164526063     
   228.000000000000       0.932819651546606     
   228.500000000000       0.933186071646899     
   229.000000000000       0.933549456345460     
   229.500000000000       0.933909836767096     
   230.000000000000       0.934267243647455     
   230.500000000000       0.934621707337563     
   231.000000000000       0.934973257808350     
   231.500000000000       0.935321924655144     
   232.000000000000       0.935667737102164     
   232.500000000000       0.936010724006972     
   233.000000000000       0.936350913864921     
   233.500000000000       0.936688334813573     
   234.000000000000       0.937023014637092     
   234.500000000000       0.937354980770617     
   235.000000000000       0.937684260304604     
   235.500000000000       0.938010879989152     
   236.000000000000       0.938334866238288     
   236.500000000000       0.938656245134238     
   237.000000000000       0.938975042431659     
   237.500000000000       0.939291283561851     
   238.000000000000       0.939604993636926     
   238.500000000000       0.939916197453962     
   239.000000000000       0.940224919499117     
   239.500000000000       0.940531183951708     
   240.000000000000       0.940835014688267     
   240.500000000000       0.941136435286558     
   241.000000000000       0.941435469029556     
   241.500000000000       0.941733490976743     
   242.000000000000       0.942029020978299     
   242.500000000000       0.942322092796521     
   243.000000000000       0.942612731627725     
   243.500000000000       0.942900962463908     
   244.000000000000       0.943186810092818     
   244.500000000000       0.943470299098043     
   245.000000000000       0.943751453859148     
   245.500000000000       0.944030298551839     
   246.000000000000       0.944306857148157     
   246.500000000000       0.944581153416708     
   247.000000000000       0.944853210922924     
   247.500000000000       0.945123053029349     
   248.000000000000       0.945390702895965     
   248.500000000000       0.945656183480538     
   249.000000000000       0.945919517538999     
   249.500000000000       0.946180727625853     
   250.000000000000       0.946439836094615     
   250.500000000000       0.946696865098269     
   251.000000000000       0.946951836589764     
   251.500000000000       0.947204772322528     
   252.000000000000       0.947455693851013     
   252.500000000000       0.947704622531257     
   253.000000000000       0.947951579521484     
   253.500000000000       0.948196585782719     
   254.000000000000       0.948439662079425     
   254.500000000000       0.948680828980171     
   255.000000000000       0.948920106858319     
   255.500000000000       0.949157515892729     
   256.000000000000       0.949393076068494     
   256.500000000000       0.949626807177689     
   257.000000000000       0.949858728820144     
   257.500000000000       0.950088860404237     
   258.000000000000       0.950317221147706     
   258.500000000000       0.950543830078479     
   259.000000000000       0.950768706035524     
   259.500000000000       0.950991867669718     
   260.000000000000       0.951213333444734     
   260.500000000000       0.951433121637938     
   261.000000000000       0.951651250341315     
   261.500000000000       0.951867737462400     
   262.000000000000       0.952082600725230     
   262.500000000000       0.952295857671314     
   263.000000000000       0.952507525660605     
   263.500000000000       0.952717621872508     
   264.000000000000       0.952926163306880     
   264.500000000000       0.953133166785054     
   265.000000000000       0.953338648950876     
   265.500000000000       0.953542626271754     
   266.000000000000       0.953745115039716     
   266.500000000000       0.953946131372483     
   267.000000000000       0.954145691214549     
   267.500000000000       0.954343810338275     
   268.000000000000       0.954540504344999     
   268.500000000000       0.954735788666138     
   269.000000000000       0.954929678564322     
   269.500000000000       0.955122189134519     
   270.000000000000       0.955313335305179     
   270.500000000000       0.955503131839381     
   271.000000000000       0.955691593335991     
   271.500000000000       0.955878734230825     
   272.000000000000       0.956064568797822     
   272.500000000000       0.956249111150222     
   273.000000000000       0.956432375241744     
   273.500000000000       0.956614374867786     
   274.000000000000       0.956795123666614     
   274.500000000000       0.956974635120565     
   275.000000000000       0.957152922557251     
   275.500000000000       0.957329999150772     
   276.000000000000       0.957505877922928     
   276.500000000000       0.957680571744439     
   277.000000000000       0.957854093336163     
   277.500000000000       0.958026455270328     
   278.000000000000       0.958197669971750     
   278.500000000000       0.958367749719071     
   279.000000000000       0.958536706645989     
   279.500000000000       0.958704552742489     
   280.000000000000       0.958871299856083     
   280.500000000000       0.959036959693045     
   281.000000000000       0.959201543819650     
   281.500000000000       0.959365063663410     
   282.000000000000       0.959527530514314     
   282.500000000000       0.959688955526074     
   283.000000000000       0.959849349717351     
   283.500000000000       0.960008723973006     
   284.000000000000       0.960167089045332     
   284.500000000000       0.960324455555291     
   285.000000000000       0.960480833993750     
   285.500000000000       0.960636234722718     
   286.000000000000       0.960790667976578     
   286.500000000000       0.960944143863315     
   287.000000000000       0.961096672365747     
   287.500000000000       0.961248263342753     
   288.000000000000       0.961398926530494     
   288.500000000000       0.961548671543635     
   289.000000000000       0.961697507876562     
   289.500000000000       0.961845444904601     
   290.000000000000       0.961992491885224     
   290.500000000000       0.962138657959258     
   291.000000000000       0.962283952152093     
   291.500000000000       0.962428383374875     
   292.000000000000       0.962571960425712     
   292.500000000000       0.962714691990851     
   293.000000000000       0.962856586645879     
   293.500000000000       0.962997652856899     
   294.000000000000       0.963137898981703     
   294.500000000000       0.963277333270954     
   295.000000000000       0.963415963869344     
   295.500000000000       0.963553798816763     
   296.000000000000       0.963690846049448     
   296.500000000000       0.963827113401143     
   297.000000000000       0.963962608604234     
   297.500000000000       0.964097339290896     
   298.000000000000       0.964231312994219     
   298.500000000000       0.964364537149344     
   299.000000000000       0.964497019094574     
   299.500000000000       0.964628766072493     
   300.000000000000       0.964759785231076     
   300.500000000000       0.964890083624785     
   301.000000000000       0.965019668215666     
   301.500000000000       0.965148545874438     
   302.000000000000       0.965276723381571     
   302.500000000000       0.965404207428362     
   303.000000000000       0.965531004617999     
   303.500000000000       0.965657121466625     
   304.000000000000       0.965782564404384     
   304.500000000000       0.965907339776471     
   305.000000000000       0.966031453844170     
   305.500000000000       0.966154912785877     
   306.000000000000       0.966277722698131     
   306.500000000000       0.966399889596624     
   307.000000000000       0.966521419417209     
   307.500000000000       0.966642318016899     
   308.000000000000       0.966762591174861     
   308.500000000000       0.966882244593397     
   309.000000000000       0.967001283898923     
   309.500000000000       0.967119714642933     
   310.000000000000       0.967237542302961     
   310.500000000000       0.967354772283535     
   311.000000000000       0.967471409917120     
   311.500000000000       0.967587460465049     
   312.000000000000       0.967702929118459     
   312.500000000000       0.967817820999205     
   313.000000000000       0.967932141160775     
   313.500000000000       0.968045894589187     
   314.000000000000       0.968159086203893     
   314.500000000000       0.968271720858660     
   315.000000000000       0.968383803342448     
   315.500000000000       0.968495338380286     
   316.000000000000       0.968606330634128     
   316.500000000000       0.968716784703710     
   317.000000000000       0.968826705127397     
   317.500000000000       0.968936096383015     
   318.000000000000       0.969044962888687     
   318.500000000000       0.969153309003649     
   319.000000000000       0.969261139029062     
   319.500000000000       0.969368457208821     
   320.000000000000       0.969475267730347     
   320.500000000000       0.969581574725375     
   321.000000000000       0.969687382270736     
   321.500000000000       0.969792694389125     
   322.000000000000       0.969897515049870     
   322.500000000000       0.970001848169676     
   323.000000000000       0.970105697613386     
   323.500000000000       0.970209067194706     
   324.000000000000       0.970311960676948     
   324.500000000000       0.970414381773741     
   325.000000000000       0.970516334149754     
   325.500000000000       0.970617821421395     
   326.000000000000       0.970718847157519     
   326.500000000000       0.970819414880107     
   327.000000000000       0.970919528064960     
   327.500000000000       0.971019190142360     
   328.000000000000       0.971118404497751     
   328.500000000000       0.971217174472386     
   329.000000000000       0.971315503363984     
   329.500000000000       0.971413394427374     
   330.000000000000       0.971510850875125     
   330.500000000000       0.971607875878178     
   331.000000000000       0.971704472566466     
   331.500000000000       0.971800644029525     
   332.000000000000       0.971896393317098     
   332.500000000000       0.971991723439737     
   333.000000000000       0.972086637369388     
   333.500000000000       0.972181138039972     
   334.000000000000       0.972275228347969     
   334.500000000000       0.972368911152974     
   335.000000000000       0.972462189278271     
   335.500000000000       0.972555065511375     
   336.000000000000       0.972647542604579     
   336.500000000000       0.972739623275497     
   337.000000000000       0.972831310207601     
   337.500000000000       0.972922606050735     
   338.000000000000       0.973013513421636     
   338.500000000000       0.973104034904446     
   339.000000000000       0.973194173051222     
   339.500000000000       0.973283930382424     
   340.000000000000       0.973373309387412     
   340.500000000000       0.973462312524921     
   341.000000000000       0.973550942223551     
   341.500000000000       0.973639200882231     
   342.000000000000       0.973727090870677     
   342.500000000000       0.973814614529863     
   343.000000000000       0.973901774172461     
   343.500000000000       0.973988572083290     
   344.000000000000       0.974075010519754     
   344.500000000000       0.974161091712277     
   345.000000000000       0.974246817864725     
   345.500000000000       0.974332191154827     
   346.000000000000       0.974417213734594     
   346.500000000000       0.974501887730715     
   347.000000000000       0.974586215244973     
   347.500000000000       0.974670198354632     
   348.000000000000       0.974753839112833     
   348.500000000000       0.974837139548968     
   349.000000000000       0.974920101669074     
   349.500000000000       0.975002727456196     
   350.000000000000       0.975085018870760     
   350.500000000000       0.975166977850925     
   351.000000000000       0.975248606312949     
   351.500000000000       0.975329906151540     
   352.000000000000       0.975410879240203     
   352.500000000000       0.975491527431568     
   353.000000000000       0.975571852557741     
   353.500000000000       0.975651856430624     
   354.000000000000       0.975731540842253     
   354.500000000000       0.975810907565087     
   355.000000000000       0.975889958352368     
   355.500000000000       0.975968694938399     
   356.000000000000       0.976047119038852     
   356.500000000000       0.976125232351074     
   357.000000000000       0.976203036554395     
   357.500000000000       0.976280533310394     
   358.000000000000       0.976357724263205     
   358.500000000000       0.976434611039779     
   359.000000000000       0.976511195250186     
   359.500000000000       0.976587478487873     
   360.000000000000       0.976663462329929     
   360.500000000000       0.976739148337362     
   361.000000000000       0.976814538055336     
   361.500000000000       0.976889633013460     
   362.000000000000       0.976964434726005     
   362.500000000000       0.977038944692170     
   363.000000000000       0.977113164396320     
   363.500000000000       0.977187095308228     
   364.000000000000       0.977258481858542     
   364.500000000000       0.977329616898995     
   365.000000000000       0.977400502586811     
   365.500000000000       0.977471139796056     
   366.000000000000       0.977541529397731     
   366.500000000000       0.977611672259788     
   367.000000000000       0.977681569247131     
   367.500000000000       0.977751221221636     
   368.000000000000       0.977820629042157     
   368.500000000000       0.977889793564537     
   369.000000000000       0.977958715641619     
   369.500000000000       0.978027396123256     
   370.000000000000       0.978095835856325     
   370.500000000000       0.978164035684729     
   371.000000000000       0.978231996449418     
   371.500000000000       0.978299718988392     
   372.000000000000       0.978367204136712     
   372.500000000000       0.978434452726515     
   373.000000000000       0.978501465587018     
   373.500000000000       0.978568243544534     
   374.000000000000       0.978634787422478     
   374.500000000000       0.978701098041379     
   375.000000000000       0.978767176218890     
   375.500000000000       0.978833022769796     
   376.000000000000       0.978898638506029     
   376.500000000000       0.978964024236674     
   377.000000000000       0.979029180767976     
   377.500000000000       0.979094108903361     
   378.000000000000       0.979158809443432     
   378.500000000000       0.979223283185989     
   379.000000000000       0.979287530926036     
   379.500000000000       0.979351553455788     
   380.000000000000       0.979415351564684     
   380.500000000000       0.979478926039396     
   381.000000000000       0.979542277663839     
   381.500000000000       0.979605407219178     
   382.000000000000       0.979668315483843     
   382.500000000000       0.979731003233531     
   383.000000000000       0.979793471241225     
   383.500000000000       0.979855720277194     
   384.000000000000       0.979917751109010     
   384.500000000000       0.979979564501552     
   385.000000000000       0.980041161217019     
   385.500000000000       0.980102542014939     
   386.000000000000       0.980163707652177     
   386.500000000000       0.980224658882944     
   387.000000000000       0.980285396458809     
   387.500000000000       0.980345921128704     
   388.000000000000       0.980406233638938     
   388.500000000000       0.980466334733203     
   389.000000000000       0.980526225152585     
   389.500000000000       0.980585905635571     
   390.000000000000       0.980645376918059     
   390.500000000000       0.980704639733369     
   391.000000000000       0.980763694812250     
   391.500000000000       0.980822542882890     
   392.000000000000       0.980881184670921     
   392.500000000000       0.980939620899436     
   393.000000000000       0.980997852288992     
   393.500000000000       0.981055879557618     
   394.000000000000       0.981113703420828     
   394.500000000000       0.981171324591628     
   395.000000000000       0.981228743780524     
   395.500000000000       0.981285961695532     
   396.000000000000       0.981342979042185     
   396.500000000000       0.981399796523545     
   397.000000000000       0.981456414840206     
   397.500000000000       0.981512834690310     
   398.000000000000       0.981569056769550     
   398.500000000000       0.981625081771180     
   399.000000000000       0.981680910386025     
   399.500000000000       0.981736543302488     
   400.000000000000       0.981791981206557     
   400.500000000000       0.981847224781820     
   401.000000000000       0.981902274709463     
   401.500000000000       0.981957131668288     
   402.000000000000       0.982011796334718     
   402.500000000000       0.982066269382802     
   403.000000000000       0.982120551484229     
   403.500000000000       0.982174643308331     
   404.000000000000       0.982228545522097     
   404.500000000000       0.982282258790174     
   405.000000000000       0.982335783774882     
   405.500000000000       0.982389121136220     
   406.000000000000       0.982442271531869     
   406.500000000000       0.982495235617211     
   407.000000000000       0.982548014045325     
   407.500000000000       0.982600607467004     
   408.000000000000       0.982653016530758     
   408.500000000000       0.982705241882827     
   409.000000000000       0.982757284167180     
   409.500000000000       0.982809144025533     
   410.000000000000       0.982860822097353     
   410.500000000000       0.982912319019862     
   411.000000000000       0.982963635428052     
   411.500000000000       0.983014771954686     
   412.000000000000       0.983065729230311     
   412.500000000000       0.983116507883263     
   413.000000000000       0.983167108539675     
   413.500000000000       0.983217531823486     
   414.000000000000       0.983267778356449     
   414.500000000000       0.983317848758134     
   415.000000000000       0.983367743645943     
   415.500000000000       0.983417463635111     
   416.000000000000       0.983467009338718     
   416.500000000000       0.983516381367695     
   417.000000000000       0.983565580330830     
   417.500000000000       0.983614606834778     
   418.000000000000       0.983663461484068     
   418.500000000000       0.983712144881110     
   419.000000000000       0.983760657626200     
   419.500000000000       0.983809000317532     
   420.000000000000       0.983857173551204     
   420.500000000000       0.983905177921221     
   421.000000000000       0.983953014019508     
   421.500000000000       0.984000682435917     
   422.000000000000       0.984048183758228     
   422.500000000000       0.984095518572164     
   423.000000000000       0.984142687461394     
   423.500000000000       0.984189691007540     
   424.000000000000       0.984236529790187     
   424.500000000000       0.984283204386887     
   425.000000000000       0.984329715373167     
   425.500000000000       0.984376063322539     
   426.000000000000       0.984422248806502     
   426.500000000000       0.984468272394554     
   427.000000000000       0.984514134654194     
   427.500000000000       0.984559836150933     
   428.000000000000       0.984605377448302     
   428.500000000000       0.984650759107853     
   429.000000000000       0.984695981689172     
   429.500000000000       0.984741045749882     
   430.000000000000       0.984785951845653     
   430.500000000000       0.984830700530204     
   431.000000000000       0.984875292355317     
   431.500000000000       0.984919727870836     
   432.000000000000       0.984964007624682     
   432.500000000000       0.985008132162851     
   433.000000000000       0.985052102029428     
   433.500000000000       0.985095917766590     
   434.000000000000       0.985139579914613     
   434.500000000000       0.985183089011880     
   435.000000000000       0.985226445594884     
   435.500000000000       0.985269650198242     
   436.000000000000       0.985312703354694     
   436.500000000000       0.985355605595113     
   437.000000000000       0.985398357448511     
   437.500000000000       0.985440959442047     
   438.000000000000       0.985483412101029     
   438.500000000000       0.985525715948928     
   439.000000000000       0.985567871507376     
   439.500000000000       0.985609879296179     
   440.000000000000       0.985651739833320     
   440.500000000000       0.985693453634967     
   441.000000000000       0.985735021215477     
   441.500000000000       0.985776443087406     
   442.000000000000       0.985817719761512     
   442.500000000000       0.985858851746763     
   443.000000000000       0.985899839550342     
   443.500000000000       0.985940683677657     
   444.000000000000       0.985981384632341     
   444.500000000000       0.986021942916264     
   445.000000000000       0.986062359029534     
   445.500000000000       0.986102633470510     
   446.000000000000       0.986142766735801     
   446.500000000000       0.986182759320275     
   447.000000000000       0.986222611717067     
   447.500000000000       0.986262324417584     
   448.000000000000       0.986301897911508     
   448.500000000000       0.986341332686805     
   449.000000000000       0.986380629229733     
   449.500000000000       0.986419788024842     
   450.000000000000       0.986458809554986     
   450.500000000000       0.986497694301326     
   451.000000000000       0.986536442743335     
   451.500000000000       0.986575055358808     
   452.000000000000       0.986613532623862     
   452.500000000000       0.986651875012946     
   453.000000000000       0.986690082998848     
   453.500000000000       0.986728157052696     
   454.000000000000       0.986766097643968     
   454.500000000000       0.986803905240496     
   455.000000000000       0.986841580308473     
   455.500000000000       0.986879123312455     
   456.000000000000       0.986916534715372     
   456.500000000000       0.986953814978531     
   457.000000000000       0.986990964561622     
   457.500000000000       0.987027983922723     
   458.000000000000       0.987064873518307     
   458.500000000000       0.987101633803245     
   459.000000000000       0.987138265230817     
   459.500000000000       0.987174768252712     
   460.000000000000       0.987211143319034     
   460.500000000000       0.987247390878313     
   461.000000000000       0.987283511377503     
   461.500000000000       0.987319505261994     
   462.000000000000       0.987355372975614     
   462.500000000000       0.987391114960635     
   463.000000000000       0.987426731657779     
   463.500000000000       0.987462223506221     
   464.000000000000       0.987497590943601     
   464.500000000000       0.987532834406021     
   465.000000000000       0.987567954328055     
   465.500000000000       0.987602951142755     
   466.000000000000       0.987637825281655     
   466.500000000000       0.987672577174774     
   467.000000000000       0.987707207250627     
   467.500000000000       0.987741715936224     
   468.000000000000       0.987776103657079     
   468.500000000000       0.987810370837217     
   469.000000000000       0.987844517899172     
   469.500000000000       0.987878545264000     
   470.000000000000       0.987912453351280     
   470.500000000000       0.987946242579122     
   471.000000000000       0.987979913364168     
   471.500000000000       0.988013466121600     
   472.000000000000       0.988046901265146     
   472.500000000000       0.988080219207083     
   473.000000000000       0.988113420358242     
   473.500000000000       0.988146505128015     
   474.000000000000       0.988179473924358     
   474.500000000000       0.988212327153799     
   475.000000000000       0.988245065221438     
   475.500000000000       0.988277688530956     
   476.000000000000       0.988310197484622     
   476.500000000000       0.988342592483290     
   477.000000000000       0.988374873926412     
   477.500000000000       0.988407042212038     
   478.000000000000       0.988439097736826     
   478.500000000000       0.988471040896040     
   479.000000000000       0.988502872083560     
   479.500000000000       0.988534591691884     
   480.000000000000       0.988566200112137     
   480.500000000000       0.988597697734069     
   481.000000000000       0.988629084946068     
   481.500000000000       0.988660362135159     
   482.000000000000       0.988691529687007     
   482.500000000000       0.988722587985931     
   483.000000000000       0.988753537414898     
   483.500000000000       0.988784378355535     
   484.000000000000       0.988815111188131     
   484.500000000000       0.988845736291641     
   485.000000000000       0.988876254043693     
   485.500000000000       0.988906664820590     
   486.000000000000       0.988936968997317     
   486.500000000000       0.988967166947543     
   487.000000000000       0.988997259043630     
   487.500000000000       0.989027245656631     
   488.000000000000       0.989057127156302     
   488.500000000000       0.989086903911100     
   489.000000000000       0.989116576288192     
   489.500000000000       0.989146144653457     
   490.000000000000       0.989175609371493     
   493.317625000000       0.989372142913294     
   497.264166000000       0.989605932953033     
   501.210707000000       0.989834556873833     
   505.157248000000       0.990058246993683     
   509.103789000000       0.990277167101319     
   513.050330000000       0.990491408901765     
   516.996871000000       0.990701175135696     
   520.943412000000       0.990906693949745     
   524.889953000000       0.991108029638456     
   528.836494000000       0.991305265218889     
   532.783035000000       0.991498603438687     
   536.729576000000       0.991688143977558     
   540.676117000000       0.991874021767621     
   544.622658000000       0.992056369655057     
   548.569199000000       0.992235354371369     
   552.515740000000       0.992411043518158     
   556.462281000000       0.992583530767637     
   560.408822000000       0.992752928837436     
   564.355363000000       0.992919250039656     
   568.301904000000       0.993082678216900     
   572.248445000000       0.993243258314839     
   576.194986000000       0.993401069333951     
   580.141527000000       0.993556179570758     
   584.088068000000       0.993708659042306     
   588.034609000000       0.993858562781568     
   591.981150000000       0.994005941720849     
   595.927691000000       0.994150858898077     
   599.874232000000       0.994293344571809     
   603.820773000000       0.994433441199384     
   607.767314000000       0.994571182702456     
   611.713855000000       0.994706598430425     
   615.660396000000       0.994839711704670     
   619.606937000000       0.994970537658721     
   623.553478000000       0.995099097619011     
   627.500019000000       0.995225404774455     
   631.446560000000       0.995349462006673     
   635.393101000000       0.995471287552497     
   639.339642000000       0.995590917932421     
   643.286183000000       0.995708365633320     
   647.232724000000       0.995823634021204     
   651.179265000000       0.995936744190803     
   655.125806000000       0.996047719716866     
   659.072347000000       0.996156572598422     
   663.018888000000       0.996263319746659     
   666.965429000000       0.996367979218005     
   670.911970000000       0.996470575129658     
   674.858511000000       0.996571115148904     
   678.805052000000       0.996669629698344     
   682.751593000000       0.996766136180618     
   686.698134000000       0.996860635115077     
   690.644675000000       0.996953168961735     
   694.591216000000       0.997043744264572     
   698.537757000000       0.997132373268099     
   702.484298000000       0.997219088195296     
   706.430839000000       0.997303904203853     
   710.377380000000       0.997386841766813     
   714.323921000000       0.997467922822668     
   718.270462000000       0.997547170901137     
   722.217003000000       0.997624614627334     
   726.163544000000       0.997700266256873     
   730.110085000000       0.997774142970649     
   734.056626000000       0.997846262748326     
   738.003167000000       0.997916645798178     
   741.949708000000       0.997985314107753     
   745.896249000000       0.998052290769421     
   749.842790000000       0.998117604704707     
   753.789331000000       0.998181263019947     
   757.735872000000       0.998243300641389     
   761.682413000000       0.998303730867317     
   765.628954000000       0.998362569068416     
   769.575495000000       0.998419854743729     
   773.522036000000       0.998475605696629     
   777.468577000000       0.998529845274665     
   781.415118000000       0.998582597619556     
   785.361659000000       0.998633887907128     
   789.308200000000       0.998683746211323     
   793.254741000000       0.998732183037532     
   797.201282000000       0.998779210150328     
   801.147823000000       0.998824862113176     
   805.094364000000       0.998869171249401     
   809.040905000000       0.998912175064369     
   812.987446000000       0.998953893745485     
   816.933987000000       0.998994326625509     
   820.880528000000       0.999033495460428     
   824.827069000000       0.999071446389712     
   828.773610000000       0.999108200827098     
   832.720151000000       0.999143785175475     
   836.666692000000       0.999178230918050     
   840.613233000000       0.999211554916477     
   844.559774000000       0.999243785218650     
   848.506315000000       0.999274947309599     
   852.452856000000       0.999305066018305     
   856.399397000000       0.999334168382831     
   860.345938000000       0.999362277436596     
   864.292479000000       0.999389418031096     
   868.239020000000       0.999415616622107     
   872.185561000000       0.999440895994354     
   876.132102000000       0.999465278115393     
   880.078643000000       0.999488786109445     
   884.025184000000       0.999511444383558     
   887.971725000000       0.999533275972207     
   891.918266000000       0.999554302959604     
   895.864807000000       0.999574545919029     
   899.811348000000       0.999594026570396     
   903.757889000000       0.999612767810854     
   907.704430000000       0.999630790919698     
   911.650971000000       0.999648116014123     
   915.597512000000       0.999664761580227     
   919.544053000000       0.999680746582112     
   923.490594000000       0.999696094435399     
   927.437135000000       0.999710823513860     
   931.383676000000       0.999724950409531     
   935.330217000000       0.999738495963890     
   939.276758000000       0.999751478804227     
   943.223299000000       0.999763915010767     
   947.169840000000       0.999775825753267     
   951.116381000000       0.999787226143417     
   955.062922000000       0.999798132191014     
   959.009463000000       0.999808564991959     
   962.956004000000       0.999818535808694     
   966.902545000000       0.999828060554477     
   970.849086000000       0.999837159070849     
   974.795627000000       0.999845844901249     
   978.742168000000       0.999854133102995     
   982.688709000000       0.999862039453345     
   986.635250000000       0.999869576946102     
   990.581791000000       0.999876759407593     
   994.528332000000       0.999883601505192     
   998.474873000000       0.999890115049653     
   1002.42141400000       0.999896312158546     
   1006.36795500000       0.999902209124149     
   1010.31449600000       0.999907819359372     
   1014.26103700000       0.999913152630354     
   1018.20757800000       0.999918220166936     
   1022.15411900000       0.999923034202228     
   1026.10066000000       0.999927605961404     
   1030.04720100000       0.999931946232884     
   1033.99374200000       0.999936065579927     
   1037.94028300000       0.999939974346882     
   1041.88682400000       0.999943682306158     
   1045.83336500000       0.999947198572670     
   1049.77990600000       0.999950532311331     
   1053.72644700000       0.999953692737266     
   1057.67298800000       0.999956688324546     
   1061.61952900000       0.999959527191725     
   1065.56607000000       0.999962217529080     
   1069.51261100000       0.999964766724055     
   1073.45915200000       0.999967181705667     
   1077.40569300000       0.999969469842679     
   1081.35223400000       0.999971637564766     
   1085.29877500000       0.999973690911845     
   1089.24531600000       0.999975635790640     
   1093.19185700000       0.999977477999998     
   1097.13839800000       0.999979222821738     
   1101.08493900000       0.999980875004366     
   1105.03148000000       0.999982439162126     
   1108.97802100000       0.999983919664741     
   1112.92456200000       0.999985320812382     
   1116.87110300000       0.999986645828285     
   1120.81764400000       0.999987897774645     
   1124.76418500000       0.999989079855193     
   1128.71072600000       0.999990195029707     
   1132.65726700000       0.999991245598506     
   1136.60380800000       0.999992233517380     
   1140.55034900000       0.999993161345397     
   1144.49689000000       0.999994031255859     
   1148.44343100000       0.999994845044421     
   1152.38997200000       0.999995605054493     
   1156.33651300000       0.999996313686867     
   1160.28305400000       0.999996972873970     
   1164.22959500000       0.999997584593532     
   1168.17613600000       0.999998150835420     
   1172.12267700000       0.999998673554120     
   1176.06921800000       0.999999154745242     
   1180.01575900000       0.999999596280616     
   1183.96230000000        1.00000000000000     
