   0.10000    0.30078E+00
   0.20000    0.90263E+00
   0.30000    0.13261E+01
   0.40000    0.14338E+01
   0.50000    0.13044E+01
   0.60000    0.10863E+01
   0.70000    0.85551E+00
   0.80000    0.63972E+00
   0.90000    0.46423E+00
   1.00000    0.33391E+00
   1.10000    0.23998E+00
   1.20000    0.17337E+00
   1.30000    0.12526E+00
   1.40000    0.90254E-01
   1.50000    0.65906E-01
   1.60000    0.49878E-01
   1.70000    0.39828E-01
   1.80000    0.33412E-01
   1.90000    0.28670E-01
   2.00000    0.25070E-01
   2.10000    0.22420E-01
   2.20000    0.20528E-01
   2.30000    0.19200E-01
   2.40000    0.18243E-01
   2.50000    0.17466E-01
   2.60000    0.16680E-01
   2.70000    0.15801E-01
   2.80000    0.14844E-01
   2.90000    0.13829E-01
   3.00000    0.12773E-01
   3.10000    0.11697E-01
   3.20000    0.10618E-01
   3.30000    0.95561E-02
   3.40000    0.85296E-02
   3.50000    0.75576E-02
   3.60000    0.66585E-02
   3.70000    0.58405E-02
   3.80000    0.50997E-02
   3.90000    0.44316E-02
   4.00000    0.38319E-02
   4.10000    0.32961E-02
   4.20000    0.28196E-02
   4.30000    0.23980E-02
   4.40000    0.20269E-02
   4.50000    0.17018E-02
   4.60000    0.14183E-02
   4.70000    0.11718E-02
   4.80000    0.95794E-03
   4.90000    0.77224E-03
   5.00000    0.61108E-03
   5.10000    0.47262E-03
   5.20000    0.35524E-03
   5.30000    0.25732E-03
   5.40000    0.17723E-03
   5.50000    0.11336E-03
   5.60000    0.64094E-04
   5.70000    0.27800E-04
   5.80000    0.28640E-05
