  1.0000000E-02
  1.0000000E-02
  0.1504406    
  0.2039429    
  0.4642936    
   1.097179    
   2.378835    
   5.720054    
   9.948209    
   11.79224    
   11.79224    
   9.948209    
   5.720054    
   2.378835    
   1.097179    
  0.4642936    
  0.2039429    
  0.1504406    
  1.0000000E-02
  1.0000000E-02
  4.4062570E-02
  9.1680028E-02
  0.1715634    
   1.080723    
   3.201053    
   9.326773    
   19.43594    
   31.03073    
   41.95647    
   46.79150    
   46.79150    
   41.95647    
   31.03073    
   19.43594    
   9.326773    
   3.201053    
   1.080723    
  0.1715634    
  9.1680028E-02
  4.4062570E-02
  2.1992519E-02
  0.1548673    
  0.7916760    
   4.436937    
   15.32831    
   30.63531    
   50.46328    
   68.49285    
   80.96515    
   84.03059    
   84.04949    
   80.94707    
   68.49285    
   50.46328    
   30.63531    
   15.32831    
   4.436937    
  0.7916760    
  0.1548673    
  2.1992519E-02
  4.5641258E-02
  0.1361470    
   1.547779    
   10.01117    
   28.16229    
   49.70219    
   72.19501    
   91.50224    
   100.0000    
   100.0000    
   100.0000    
   100.0000    
   91.50224    
   72.19501    
   49.70219    
   28.16229    
   10.01117    
   1.547779    
  0.1361470    
  4.5641258E-02
  8.8613197E-02
  0.4399472    
   3.736655    
   17.97975    
   40.31612    
   64.64064    
   82.96580    
   96.74744    
   100.0000    
   100.0000    
   100.0000    
   100.0000    
   96.74744    
   82.96580    
   64.64064    
   40.31612    
   17.97975    
   3.736655    
  0.4399472    
  8.8613197E-02
  0.1511226    
  0.7545495    
   8.066697    
   25.85432    
   46.68132    
   68.06537    
   90.25367    
   100.0000    
   100.0000    
   100.0000    
   100.0000    
   100.0000    
   100.0000    
   90.25367    
   68.06537    
   46.68132    
   25.85432    
   8.066697    
  0.7545495    
  0.1511226    
  0.3145361    
   2.420439    
   12.73543    
   32.02629    
   56.98198    
   79.51807    
   94.42177    
   100.0000    
   100.0000    
   100.0000    
   100.0000    
   100.0000    
   100.0000    
   94.42177    
   79.51807    
   56.98198    
   32.02629    
   12.73543    
   2.420439    
  0.3145361    
  0.6697924    
   4.355556    
   19.85737    
   40.52102    
   63.14292    
   81.67939    
   94.83322    
   100.0000    
   100.0000    
   100.0000    
   100.0000    
   100.0000    
   100.0000    
   94.83322    
   81.67939    
   63.14292    
   40.52102    
   19.85737    
   4.355556    
  0.6697924    
   1.244998    
   8.413672    
   26.74237    
   49.16966    
   68.96477    
   85.43254    
   100.0000    
   100.0000    
   100.0000    
   100.0000    
   100.0000    
   100.0000    
   100.0000    
   100.0000    
   85.43254    
   68.96477    
   49.16966    
   26.74237    
   8.413672    
   1.244998    
   2.578351    
   14.31793    
   34.38700    
   56.86494    
   74.75290    
   96.21315    
   100.0000    
   100.0000    
   100.0000    
   100.0000    
   100.0000    
   100.0000    
   100.0000    
   100.0000    
   96.21315    
   74.75290    
   56.86494    
   34.38700    
   14.31793    
   2.578351    
   4.703248    
   18.81079    
   40.98360    
   62.48065    
   81.06160    
   95.77558    
   100.0000    
   100.0000    
   100.0000    
   100.0000    
   100.0000    
   100.0000    
   100.0000    
   100.0000    
   95.77558    
   81.06160    
   62.48065    
   40.98360    
   18.81079    
   4.703248    
   6.665228    
   27.18098    
   47.31469    
   67.94957    
   87.19525    
   100.0000    
   100.0000    
   100.0000    
   100.0000    
   100.0000    
   100.0000    
   100.0000    
   100.0000    
   100.0000    
   100.0000    
   87.19525    
   67.94957    
   47.31469    
   27.18098    
   6.665228    
   10.01805    
   33.00000    
   58.75706    
   76.75095    
   93.90467    
   100.0000    
   100.0000    
   100.0000    
   100.0000    
   100.0000    
   100.0000    
   100.0000    
   100.0000    
   100.0000    
   100.0000    
   93.88316    
   76.75095    
   58.75706    
   33.00000    
   10.01805    
   11.53336    
   38.63436    
   56.91930    
   75.92428    
   94.55737    
   100.0000    
   100.0000    
   100.0000    
   100.0000    
   100.0000    
   100.0000    
   100.0000    
   100.0000    
   100.0000    
   100.0000    
   94.55737    
   75.92428    
   56.91930    
   38.63436    
   11.53336    
   13.65532    
   39.62431    
   58.24468    
   79.36399    
   92.94247    
   100.0000    
   100.0000    
   100.0000    
   100.0000    
   100.0000    
   100.0000    
   100.0000    
   100.0000    
   100.0000    
   100.0000    
   92.94247    
   79.36399    
   58.24468    
   39.62431    
   13.65532    
   14.85598    
   38.38565    
   60.16225    
   79.21187    
   95.97225    
   100.0000    
   100.0000    
   100.0000    
   100.0000    
   100.0000    
   100.0000    
   100.0000    
   100.0000    
   100.0000    
   100.0000    
   95.97225    
   79.21187    
   60.16225    
   38.38565    
   14.85598    
   16.02931    
   40.84700    
   59.29185    
   79.14178    
   94.07342    
   100.0000    
   100.0000    
   100.0000    
   100.0000    
   100.0000    
   100.0000    
   100.0000    
   100.0000    
   100.0000    
   100.0000    
   94.07342    
   79.14178    
   59.29185    
   40.84700    
   16.02931    
   16.45309    
   41.12670    
   58.57016    
   77.99554    
   91.83266    
   100.0000    
   100.0000    
   100.0000    
   100.0000    
   100.0000    
   100.0000    
   100.0000    
   100.0000    
   100.0000    
   100.0000    
   91.83266    
   77.99554    
   58.57016    
   41.12670    
   16.45309    
   16.25350    
   41.27480    
   61.34857    
   76.51785    
   92.63790    
   100.0000    
   100.0000    
   100.0000    
   100.0000    
   100.0000    
   100.0000    
   100.0000    
   100.0000    
   100.0000    
   100.0000    
   92.63790    
   76.51785    
   61.34857    
   41.27480    
   16.25350    
   16.86397    
   39.41606    
   60.33040    
   77.88764    
   92.44774    
   100.0000    
   100.0000    
   100.0000    
   100.0000    
   100.0000    
   100.0000    
   100.0000    
   100.0000    
   100.0000    
   100.0000    
   92.44774    
   77.88764    
   60.33040    
   39.41606    
   16.86397    
   18.24147    
   39.40800    
   60.54529    
   77.56926    
   92.52047    
   100.0000    
   100.0000    
   100.0000    
   100.0000    
   100.0000    
   100.0000    
   100.0000    
   100.0000    
   100.0000    
   100.0000    
   92.52047    
   77.56926    
   60.55894    
   39.39929    
   18.24147    
   18.10402    
   39.64548    
   60.77635    
   76.62022    
   93.75830    
   100.0000    
   100.0000    
   100.0000    
   100.0000    
   100.0000    
   100.0000    
   100.0000    
   100.0000    
   100.0000    
   100.0000    
   93.75830    
   76.62022    
   60.77635    
   39.64548    
   18.10402    
   18.73339    
   39.98209    
   57.56916    
   77.78775    
   95.02924    
   100.0000    
   100.0000    
   100.0000    
   100.0000    
   100.0000    
   100.0000    
   100.0000    
   100.0000    
   100.0000    
   100.0000    
   95.02924    
   77.78775    
   57.56916    
   39.98209    
   18.73339    
   17.89521    
   41.12506    
   59.26654    
   75.73706    
   92.88423    
   100.0000    
   100.0000    
   100.0000    
   100.0000    
   100.0000    
   100.0000    
   100.0000    
   100.0000    
   100.0000    
   100.0000    
   92.88423    
   75.73706    
   59.26654    
   41.12506    
   17.89521    
   17.94468    
   39.43253    
   59.73244    
   76.16135    
   93.85749    
   100.0000    
   100.0000    
   100.0000    
   100.0000    
   100.0000    
   100.0000    
   100.0000    
   100.0000    
   100.0000    
   100.0000    
   93.85749    
   76.16135    
   59.73244    
   39.43253    
   17.94468    
   17.94468    
   39.43253    
   59.73244    
   76.16135    
   93.85749    
   100.0000    
   100.0000    
   100.0000    
   100.0000    
   100.0000    
   100.0000    
   100.0000    
   100.0000    
   100.0000    
   100.0000    
   93.85749    
   76.16135    
   59.73244    
   39.43253    
   17.94468    
   17.89521    
   41.12506    
   59.26654    
   75.73706    
   92.88423    
   100.0000    
   100.0000    
   100.0000    
   100.0000    
   100.0000    
   100.0000    
   100.0000    
   100.0000    
   100.0000    
   100.0000    
   92.88423    
   75.73706    
   59.26654    
   41.12506    
   17.89521    
   18.73339    
   39.98209    
   57.56916    
   77.78775    
   95.02924    
   100.0000    
   100.0000    
   100.0000    
   100.0000    
   100.0000    
   100.0000    
   100.0000    
   100.0000    
   100.0000    
   100.0000    
   95.02924    
   77.78775    
   57.56916    
   39.98209    
   18.73339    
   18.10402    
   39.64548    
   60.77635    
   76.62022    
   93.75830    
   100.0000    
   100.0000    
   100.0000    
   100.0000    
   100.0000    
   100.0000    
   100.0000    
   100.0000    
   100.0000    
   100.0000    
   93.75830    
   76.62022    
   60.77635    
   39.64548    
   18.10402    
   18.24147    
   39.40800    
   60.54529    
   77.56926    
   92.52047    
   100.0000    
   100.0000    
   100.0000    
   100.0000    
   100.0000    
   100.0000    
   100.0000    
   100.0000    
   100.0000    
   100.0000    
   92.52047    
   77.56926    
   60.55894    
   39.39929    
   18.24147    
   16.86397    
   39.41606    
   60.33040    
   77.88764    
   92.44774    
   100.0000    
   100.0000    
   100.0000    
   100.0000    
   100.0000    
   100.0000    
   100.0000    
   100.0000    
   100.0000    
   100.0000    
   92.44774    
   77.88764    
   60.33040    
   39.41606    
   16.86397    
   16.25350    
   41.27480    
   61.34857    
   76.51785    
   92.63790    
   100.0000    
   100.0000    
   100.0000    
   100.0000    
   100.0000    
   100.0000    
   100.0000    
   100.0000    
   100.0000    
   100.0000    
   92.63790    
   76.51785    
   61.34857    
   41.27480    
   16.25350    
   16.45309    
   41.12670    
   58.57016    
   77.99554    
   91.83266    
   100.0000    
   100.0000    
   100.0000    
   100.0000    
   100.0000    
   100.0000    
   100.0000    
   100.0000    
   100.0000    
   100.0000    
   91.83266    
   77.99554    
   58.57016    
   41.12670    
   16.45309    
   16.02931    
   40.84700    
   59.29185    
   79.14178    
   94.07342    
   100.0000    
   100.0000    
   100.0000    
   100.0000    
   100.0000    
   100.0000    
   100.0000    
   100.0000    
   100.0000    
   100.0000    
   94.07342    
   79.14178    
   59.29185    
   40.84700    
   16.02931    
   14.85598    
   38.36323    
   60.16225    
   79.21187    
   95.97225    
   100.0000    
   100.0000    
   100.0000    
   100.0000    
   100.0000    
   100.0000    
   100.0000    
   100.0000    
   100.0000    
   100.0000    
   95.97225    
   79.21187    
   60.16225    
   38.36323    
   14.85598    
   13.65532    
   39.64641    
   58.24468    
   79.36399    
   92.94247    
   100.0000    
   100.0000    
   100.0000    
   100.0000    
   100.0000    
   100.0000    
   100.0000    
   100.0000    
   100.0000    
   100.0000    
   92.94247    
   79.36399    
   58.24468    
   39.64641    
   13.65532    
   11.53336    
   38.63436    
   56.91930    
   75.92428    
   94.55737    
   100.0000    
   100.0000    
   100.0000    
   100.0000    
   100.0000    
   100.0000    
   100.0000    
   100.0000    
   100.0000    
   100.0000    
   94.55737    
   75.92428    
   56.91930    
   38.63436    
   11.53336    
   10.01805    
   33.00000    
   58.75706    
   76.75095    
   93.90467    
   100.0000    
   100.0000    
   100.0000    
   100.0000    
   100.0000    
   100.0000    
   100.0000    
   100.0000    
   100.0000    
   100.0000    
   93.88316    
   76.75095    
   58.75706    
   33.00000    
   10.01805    
   6.665228    
   27.18098    
   47.31469    
   67.94957    
   87.19525    
   100.0000    
   100.0000    
   100.0000    
   100.0000    
   100.0000    
   100.0000    
   100.0000    
   100.0000    
   100.0000    
   100.0000    
   87.19525    
   67.94957    
   47.31469    
   27.18098    
   6.665228    
   4.703248    
   18.81079    
   40.98360    
   62.48065    
   81.06160    
   95.77558    
   100.0000    
   100.0000    
   100.0000    
   100.0000    
   100.0000    
   100.0000    
   100.0000    
   100.0000    
   95.77558    
   81.06160    
   62.48065    
   40.98360    
   18.81079    
   4.703248    
   2.578351    
   14.31793    
   34.38700    
   56.86494    
   74.75290    
   96.21315    
   100.0000    
   100.0000    
   100.0000    
   100.0000    
   100.0000    
   100.0000    
   100.0000    
   100.0000    
   96.21315    
   74.75290    
   56.86494    
   34.38700    
   14.31793    
   2.578351    
   1.244998    
   8.413672    
   26.74237    
   49.16966    
   68.96477    
   85.43254    
   100.0000    
   100.0000    
   100.0000    
   100.0000    
   100.0000    
   100.0000    
   100.0000    
   100.0000    
   85.43254    
   68.96477    
   49.16966    
   26.74237    
   8.413672    
   1.244998    
  0.6697924    
   4.355556    
   19.85737    
   40.52102    
   63.14292    
   81.67939    
   94.83322    
   100.0000    
   100.0000    
   100.0000    
   100.0000    
   100.0000    
   100.0000    
   94.83322    
   81.67939    
   63.14292    
   40.52102    
   19.85737    
   4.355556    
  0.6697924    
  0.3145361    
   2.420439    
   12.73543    
   32.02629    
   56.98198    
   79.51807    
   94.42177    
   100.0000    
   100.0000    
   100.0000    
   100.0000    
   100.0000    
   100.0000    
   94.42177    
   79.51807    
   56.98198    
   32.02629    
   12.73543    
   2.420439    
  0.3145361    
  0.1511226    
  0.7545495    
   8.066697    
   25.85432    
   46.68132    
   68.06537    
   90.25367    
   100.0000    
   100.0000    
   100.0000    
   100.0000    
   100.0000    
   100.0000    
   90.25367    
   68.06537    
   46.68132    
   25.85432    
   8.066697    
  0.7545495    
  0.1511226    
  8.8613197E-02
  0.4399472    
   3.736655    
   17.97975    
   40.31612    
   64.64064    
   82.96580    
   96.74744    
   100.0000    
   100.0000    
   100.0000    
   100.0000    
   96.74744    
   82.96580    
   64.64064    
   40.31612    
   17.97975    
   3.736655    
  0.4399472    
  8.8613197E-02
  4.5641258E-02
  0.1361470    
   1.547779    
   10.01117    
   28.16229    
   49.70219    
   72.19501    
   91.50224    
   100.0000    
   100.0000    
   100.0000    
   100.0000    
   91.50224    
   72.19501    
   49.70219    
   28.16229    
   10.01117    
   1.547779    
  0.1361470    
  4.5641258E-02
  2.1992519E-02
  0.1548673    
  0.7916760    
   4.436937    
   15.32831    
   30.63531    
   50.46328    
   68.49285    
   80.96515    
   84.03059    
   84.04949    
   80.94707    
   68.49285    
   50.46328    
   30.63531    
   15.32831    
   4.436937    
  0.7916760    
  0.1548673    
  2.1992519E-02
  4.4062570E-02
  9.1680028E-02
  0.1715634    
   1.080723    
   3.201053    
   9.326773    
   19.43594    
   31.03073    
   41.95647    
   46.79150    
   46.79150    
   41.95647    
   31.03073    
   19.43594    
   9.326773    
   3.201053    
   1.080723    
  0.1715634    
  9.1680028E-02
  4.4062570E-02
  1.0000000E-02
  1.0000000E-02
  0.1504729    
  0.2039429    
  0.4642936    
   1.097179    
   2.378835    
   5.720054    
   9.948209    
   11.79224    
   11.79224    
   9.948209    
   5.720054    
   2.378835    
   1.097179    
  0.4642936    
  0.2039429    
  0.1504729    
  1.0000000E-02
  1.0000000E-02
