.10000D+00 .26600D+00   13   11   24                                             
.10000D+00 .40000D+01   81                                                       
  18.0   0.000E+00  22.0   0.119E-04  26.0   0.952E-04  30.0   0.279E-03        
  34.0   0.618E-03  38.0   0.116E-02  42.0   0.212E-02  46.0   0.388E-02        
  50.0   0.727E-02  54.0   0.141E-01  58.0   0.282E-01  62.0   0.576E-01        
  66.0   0.105E+00  70.0   0.124E+00  74.0   0.959E-01  78.0   0.683E-01        
  82.0   0.518E-01  86.0   0.422E-01  90.0   0.363E-01  94.0   0.328E-01        
  98.0   0.303E-01 102.0   0.285E-01 106.0   0.264E-01 110.0   0.235E-01        
 114.0   0.197E-01 118.0   0.156E-01 122.0   0.119E-01 126.0   0.874E-02        
 130.0   0.596E-02 134.0   0.380E-02 138.0   0.228E-02 142.0   0.128E-02        
 146.0   0.632E-03 150.0   0.223E-03 154.0   0.179E-05 158.0   0.999E-06        
 162.0   0.408E-06 166.0   0.000E+00 170.0   0.000E+00 174.0   0.000E+00        
 178.0   0.000E+00 182.0   0.000E+00 186.0   0.000E+00 190.0   0.000E+00        
 194.0   0.000E+00 198.0   0.000E+00 202.0   0.000E+00 206.0   0.000E+00        
 210.0   0.000E+00 214.0   0.000E+00 218.0   0.000E+00 222.0   0.000E+00        
 226.0   0.000E+00 230.0   0.000E+00 234.0   0.000E+00 238.0   0.000E+00        
 242.0   0.000E+00 246.0   0.000E+00 250.0   0.000E+00 254.0   0.000E+00        
 258.0   0.000E+00 262.0   0.000E+00 266.0   0.000E+00 270.0   0.000E+00        
 274.0   0.000E+00 278.0   0.000E+00 282.0   0.000E+00 286.0   0.000E+00        
 290.0   0.000E+00 294.0   0.000E+00 298.0   0.000E+00 302.0   0.000E+00        
 306.0   0.000E+00 310.0   0.000E+00 314.0   0.000E+00 318.0   0.000E+00        
 322.0   0.000E+00 326.0   0.000E+00 330.0   0.000E+00 334.0   0.000E+00        
 338.0   0.000E+00                                                              
.20000D+00 .40000D+01   81                                                       
  18.0   0.000E+00  22.0   0.208E-04  26.0   0.113E-03  30.0   0.309E-03        
  34.0   0.672E-03  38.0   0.128E-02  42.0   0.238E-02  46.0   0.441E-02        
  50.0   0.842E-02  54.0   0.168E-01  58.0   0.359E-01  62.0   0.784E-01        
  66.0   0.132E+00  70.0   0.122E+00  74.0   0.837E-01  78.0   0.593E-01        
  82.0   0.455E-01  86.0   0.373E-01  90.0   0.322E-01  94.0   0.293E-01        
  98.0   0.272E-01 102.0   0.254E-01 106.0   0.234E-01 110.0   0.207E-01        
 114.0   0.174E-01 118.0   0.138E-01 122.0   0.104E-01 126.0   0.734E-02        
 130.0   0.484E-02 134.0   0.301E-02 138.0   0.183E-02 142.0   0.111E-02        
 146.0   0.645E-03 150.0   0.335E-03 154.0   0.144E-03 158.0   0.510E-04        
 162.0   0.863E-05 166.0   0.984E-06 170.0   0.000E+00 174.0   0.000E+00        
 178.0   0.000E+00 182.0   0.000E+00 186.0   0.000E+00 190.0   0.000E+00        
 194.0   0.000E+00 198.0   0.000E+00 202.0   0.000E+00 206.0   0.000E+00        
 210.0   0.000E+00 214.0   0.000E+00 218.0   0.000E+00 222.0   0.000E+00        
 226.0   0.000E+00 230.0   0.000E+00 234.0   0.000E+00 238.0   0.000E+00        
 242.0   0.000E+00 246.0   0.000E+00 250.0   0.000E+00 254.0   0.000E+00        
 258.0   0.000E+00 262.0   0.000E+00 266.0   0.000E+00 270.0   0.000E+00        
 274.0   0.000E+00 278.0   0.000E+00 282.0   0.000E+00 286.0   0.000E+00        
 290.0   0.000E+00 294.0   0.000E+00 298.0   0.000E+00 302.0   0.000E+00        
 306.0   0.000E+00 310.0   0.000E+00 314.0   0.000E+00 318.0   0.000E+00        
 322.0   0.000E+00 326.0   0.000E+00 330.0   0.000E+00 334.0   0.000E+00        
 338.0   0.000E+00                                                              
.30000D+00 .40000D+01   81                                                       
  18.0   0.245E-06  22.0   0.279E-04  26.0   0.123E-03  30.0   0.333E-03        
  34.0   0.737E-03  38.0   0.147E-02  42.0   0.282E-02  46.0   0.547E-02        
  50.0   0.110E-01  54.0   0.233E-01  58.0   0.527E-01  62.0   0.110E+00        
  66.0   0.140E+00  70.0   0.105E+00  74.0   0.708E-01  78.0   0.514E-01        
  82.0   0.408E-01  86.0   0.346E-01  90.0   0.305E-01  94.0   0.276E-01        
  98.0   0.252E-01 102.0   0.228E-01 106.0   0.203E-01 110.0   0.172E-01        
 114.0   0.138E-01 118.0   0.106E-01 122.0   0.809E-02 126.0   0.603E-02        
 130.0   0.427E-02 134.0   0.290E-02 138.0   0.198E-02 142.0   0.140E-02        
 146.0   0.100E-02 150.0   0.718E-03 154.0   0.504E-03 158.0   0.332E-03        
 162.0   0.198E-03 166.0   0.982E-04 170.0   0.300E-04 174.0   0.243E-05        
 178.0   0.131E-05 182.0   0.519E-06 186.0   0.519E-07 190.0   0.000E+00        
 194.0   0.000E+00 198.0   0.000E+00 202.0   0.000E+00 206.0   0.000E+00        
 210.0   0.000E+00 214.0   0.000E+00 218.0   0.000E+00 222.0   0.000E+00        
 226.0   0.000E+00 230.0   0.000E+00 234.0   0.000E+00 238.0   0.000E+00        
 242.0   0.000E+00 246.0   0.000E+00 250.0   0.000E+00 254.0   0.000E+00        
 258.0   0.000E+00 262.0   0.000E+00 266.0   0.000E+00 270.0   0.000E+00        
 274.0   0.000E+00 278.0   0.000E+00 282.0   0.000E+00 286.0   0.000E+00        
 290.0   0.000E+00 294.0   0.000E+00 298.0   0.000E+00 302.0   0.000E+00        
 306.0   0.000E+00 310.0   0.000E+00 314.0   0.000E+00 318.0   0.000E+00        
 322.0   0.000E+00 326.0   0.000E+00 330.0   0.000E+00 334.0   0.000E+00        
 338.0   0.000E+00                                                              
.40000D+00 .40000D+01   81                                                       
  18.0   0.234E-05  22.0   0.377E-04  26.0   0.148E-03  30.0   0.391E-03        
  34.0   0.872E-03  38.0   0.179E-02  42.0   0.358E-02  46.0   0.716E-02        
  50.0   0.151E-01  54.0   0.348E-01  58.0   0.844E-01  62.0   0.149E+00        
  66.0   0.130E+00  70.0   0.837E-01  74.0   0.573E-01  78.0   0.436E-01        
  82.0   0.358E-01  86.0   0.309E-01  90.0   0.274E-01  94.0   0.246E-01        
  98.0   0.219E-01 102.0   0.191E-01 106.0   0.161E-01 110.0   0.132E-01        
 114.0   0.104E-01 118.0   0.813E-02 122.0   0.635E-02 126.0   0.492E-02        
 130.0   0.371E-02 134.0   0.274E-02 138.0   0.205E-02 142.0   0.156E-02        
 146.0   0.117E-02 150.0   0.857E-03 154.0   0.622E-03 158.0   0.469E-03        
 162.0   0.357E-03 166.0   0.254E-03 170.0   0.165E-03 174.0   0.981E-04        
 178.0   0.552E-04 182.0   0.277E-04 186.0   0.105E-04 190.0   0.139E-05        
 194.0   0.508E-08 198.0   0.000E+00 202.0   0.000E+00 206.0   0.000E+00        
 210.0   0.000E+00 214.0   0.000E+00 218.0   0.000E+00 222.0   0.000E+00        
 226.0   0.000E+00 230.0   0.000E+00 234.0   0.000E+00 238.0   0.000E+00        
 242.0   0.000E+00 246.0   0.000E+00 250.0   0.000E+00 254.0   0.000E+00        
 258.0   0.000E+00 262.0   0.000E+00 266.0   0.000E+00 270.0   0.000E+00        
 274.0   0.000E+00 278.0   0.000E+00 282.0   0.000E+00 286.0   0.000E+00        
 290.0   0.000E+00 294.0   0.000E+00 298.0   0.000E+00 302.0   0.000E+00        
 306.0   0.000E+00 310.0   0.000E+00 314.0   0.000E+00 318.0   0.000E+00        
 322.0   0.000E+00 326.0   0.000E+00 330.0   0.000E+00 334.0   0.000E+00        
 338.0   0.000E+00                                                              
.50000D+00 .40000D+01   81                                                       
  18.0   0.637E-05  22.0   0.516E-04  26.0   0.178E-03  30.0   0.461E-03        
  34.0   0.105E-02  38.0   0.225E-02  42.0   0.478E-02  46.0   0.103E-01        
  50.0   0.239E-01  54.0   0.617E-01  58.0   0.140E+00  62.0   0.155E+00        
  66.0   0.100E+00  70.0   0.645E-01  74.0   0.473E-01  78.0   0.379E-01        
  82.0   0.319E-01  86.0   0.274E-01  90.0   0.236E-01  94.0   0.200E-01        
  98.0   0.167E-01 102.0   0.140E-01 106.0   0.117E-01 110.0   0.967E-02        
 114.0   0.786E-02 118.0   0.633E-02 122.0   0.507E-02 126.0   0.404E-02        
 130.0   0.323E-02 134.0   0.257E-02 138.0   0.204E-02 142.0   0.161E-02        
 146.0   0.127E-02 150.0   0.100E-02 154.0   0.791E-03 158.0   0.614E-03        
 162.0   0.470E-03 166.0   0.356E-03 170.0   0.267E-03 174.0   0.201E-03        
 178.0   0.155E-03 182.0   0.118E-03 186.0   0.862E-04 190.0   0.593E-04        
 194.0   0.371E-04 198.0   0.199E-04 202.0   0.888E-05 206.0   0.322E-05        
 210.0   0.923E-06 214.0   0.369E-06 218.0   0.914E-07 222.0   0.100E-08        
 226.0   0.000E+00 230.0   0.000E+00 234.0   0.000E+00 238.0   0.000E+00        
 242.0   0.000E+00 246.0   0.000E+00 250.0   0.000E+00 254.0   0.000E+00        
 258.0   0.000E+00 262.0   0.000E+00 266.0   0.000E+00 270.0   0.000E+00        
 274.0   0.000E+00 278.0   0.000E+00 282.0   0.000E+00 286.0   0.000E+00        
 290.0   0.000E+00 294.0   0.000E+00 298.0   0.000E+00 302.0   0.000E+00        
 306.0   0.000E+00 310.0   0.000E+00 314.0   0.000E+00 318.0   0.000E+00        
 322.0   0.000E+00 326.0   0.000E+00 330.0   0.000E+00 334.0   0.000E+00        
 338.0   0.000E+00                                                              
.60000D+00 .40000D+01   81                                                       
  18.0   0.418E-05  22.0   0.597E-04  26.0   0.229E-03  30.0   0.610E-03        
  34.0   0.140E-02  38.0   0.302E-02  42.0   0.664E-02  46.0   0.156E-01        
  50.0   0.419E-01  54.0   0.119E+00  58.0   0.186E+00  62.0   0.122E+00        
  66.0   0.723E-01  70.0   0.498E-01  74.0   0.383E-01  78.0   0.313E-01        
  82.0   0.261E-01  86.0   0.218E-01  90.0   0.182E-01  94.0   0.153E-01        
  98.0   0.129E-01 102.0   0.108E-01 106.0   0.897E-02 110.0   0.746E-02        
 114.0   0.622E-02 118.0   0.517E-02 122.0   0.425E-02 126.0   0.347E-02        
 130.0   0.282E-02 134.0   0.229E-02 138.0   0.188E-02 142.0   0.155E-02        
 146.0   0.126E-02 150.0   0.995E-03 154.0   0.778E-03 158.0   0.618E-03        
 162.0   0.497E-03 166.0   0.405E-03 170.0   0.330E-03 174.0   0.264E-03        
 178.0   0.203E-03 182.0   0.153E-03 186.0   0.116E-03 190.0   0.880E-04        
 194.0   0.666E-04 198.0   0.503E-04 202.0   0.381E-04 206.0   0.287E-04        
 210.0   0.221E-04 214.0   0.176E-04 218.0   0.134E-04 222.0   0.741E-05        
 226.0   0.188E-05 230.0   0.000E+00 234.0   0.000E+00 238.0   0.000E+00        
 242.0   0.000E+00 246.0   0.000E+00 250.0   0.000E+00 254.0   0.000E+00        
 258.0   0.000E+00 262.0   0.000E+00 266.0   0.000E+00 270.0   0.000E+00        
 274.0   0.000E+00 278.0   0.000E+00 282.0   0.000E+00 286.0   0.000E+00        
 290.0   0.000E+00 294.0   0.000E+00 298.0   0.000E+00 302.0   0.000E+00        
 306.0   0.000E+00 310.0   0.000E+00 314.0   0.000E+00 318.0   0.000E+00        
 322.0   0.000E+00 326.0   0.000E+00 330.0   0.000E+00 334.0   0.000E+00        
 338.0   0.000E+00                                                              
.70000D+00 .40000D+01   81                                                       
  18.0   0.564E-05  22.0   0.681E-04  26.0   0.275E-03  30.0   0.786E-03        
  34.0   0.197E-02  38.0   0.478E-02  42.0   0.121E-01  46.0   0.346E-01        
  50.0   0.113E+00  54.0   0.211E+00  58.0   0.137E+00  62.0   0.750E-01        
  66.0   0.489E-01  70.0   0.358E-01  74.0   0.280E-01  78.0   0.227E-01        
  82.0   0.187E-01  86.0   0.155E-01  90.0   0.129E-01  94.0   0.109E-01        
  98.0   0.920E-02 102.0   0.782E-02 106.0   0.668E-02 110.0   0.572E-02        
 114.0   0.488E-02 118.0   0.415E-02 122.0   0.348E-02 126.0   0.291E-02        
 130.0   0.244E-02 134.0   0.205E-02 138.0   0.172E-02 142.0   0.145E-02        
 146.0   0.121E-02 150.0   0.100E-02 154.0   0.825E-03 158.0   0.680E-03        
 162.0   0.562E-03 166.0   0.469E-03 170.0   0.394E-03 174.0   0.327E-03        
 178.0   0.266E-03 182.0   0.214E-03 186.0   0.170E-03 190.0   0.134E-03        
 194.0   0.105E-03 198.0   0.811E-04 202.0   0.618E-04 206.0   0.464E-04        
 210.0   0.345E-04 214.0   0.255E-04 218.0   0.188E-04 222.0   0.140E-04        
 226.0   0.107E-04 230.0   0.831E-05 234.0   0.653E-05 238.0   0.497E-05        
 242.0   0.336E-05 246.0   0.197E-05 250.0   0.932E-06 254.0   0.187E-06        
 258.0   0.000E+00 262.0   0.000E+00 266.0   0.000E+00 270.0   0.000E+00        
 274.0   0.000E+00 278.0   0.000E+00 282.0   0.000E+00 286.0   0.000E+00        
 290.0   0.000E+00 294.0   0.000E+00 298.0   0.000E+00 302.0   0.000E+00        
 306.0   0.000E+00 310.0   0.000E+00 314.0   0.000E+00 318.0   0.000E+00        
 322.0   0.000E+00 326.0   0.000E+00 330.0   0.000E+00 334.0   0.000E+00        
 338.0   0.000E+00                                                              
.80000D+00 .40000D+01   81                                                       
  18.0   0.980E-05  22.0   0.998E-04  26.0   0.396E-03  30.0   0.118E-02        
  34.0   0.325E-02  38.0   0.922E-02  42.0   0.301E-01  46.0   0.123E+00        
  50.0   0.256E+00  54.0   0.135E+00  58.0   0.671E-01  62.0   0.421E-01        
  66.0   0.298E-01  70.0   0.227E-01  74.0   0.180E-01  78.0   0.148E-01        
  82.0   0.123E-01  86.0   0.104E-01  90.0   0.892E-02  94.0   0.768E-02        
  98.0   0.666E-02 102.0   0.578E-02 106.0   0.503E-02 110.0   0.437E-02        
 114.0   0.380E-02 118.0   0.329E-02 122.0   0.283E-02 126.0   0.243E-02        
 130.0   0.208E-02 134.0   0.178E-02 138.0   0.153E-02 142.0   0.131E-02        
 146.0   0.112E-02 150.0   0.962E-03 154.0   0.824E-03 158.0   0.701E-03        
 162.0   0.592E-03 166.0   0.499E-03 170.0   0.419E-03 174.0   0.353E-03        
 178.0   0.298E-03 182.0   0.250E-03 186.0   0.207E-03 190.0   0.170E-03        
 194.0   0.138E-03 198.0   0.111E-03 202.0   0.889E-04 206.0   0.707E-04        
 210.0   0.557E-04 214.0   0.432E-04 218.0   0.332E-04 222.0   0.262E-04        
 226.0   0.206E-04 230.0   0.142E-04 234.0   0.762E-05 238.0   0.353E-05        
 242.0   0.225E-05 246.0   0.109E-05 250.0   0.205E-06 254.0   0.000E+00        
 258.0   0.000E+00 262.0   0.000E+00 266.0   0.000E+00 270.0   0.000E+00        
 274.0   0.000E+00 278.0   0.000E+00 282.0   0.000E+00 286.0   0.000E+00        
 290.0   0.000E+00 294.0   0.000E+00 298.0   0.000E+00 302.0   0.000E+00        
 306.0   0.000E+00 310.0   0.000E+00 314.0   0.000E+00 318.0   0.000E+00        
 322.0   0.000E+00 326.0   0.000E+00 330.0   0.000E+00 334.0   0.000E+00        
 338.0   0.000E+00                                                              
.90000D+00 .40000D+01   81                                                       
  18.0   0.163E-04  22.0   0.176E-03  26.0   0.739E-03  30.0   0.242E-02        
  34.0   0.775E-02  38.0   0.299E-01  42.0   0.170E+00  46.0   0.300E+00        
  50.0   0.107E+00  54.0   0.500E-01  58.0   0.305E-01  62.0   0.214E-01        
  66.0   0.165E-01  70.0   0.134E-01  74.0   0.111E-01  78.0   0.943E-02        
  82.0   0.815E-02  86.0   0.714E-02  90.0   0.628E-02  94.0   0.552E-02        
  98.0   0.485E-02 102.0   0.428E-02 106.0   0.379E-02 110.0   0.337E-02        
 114.0   0.300E-02 118.0   0.266E-02 122.0   0.232E-02 126.0   0.202E-02        
 130.0   0.175E-02 134.0   0.152E-02 138.0   0.133E-02 142.0   0.116E-02        
 146.0   0.102E-02 150.0   0.894E-03 154.0   0.782E-03 158.0   0.679E-03        
 162.0   0.586E-03 166.0   0.505E-03 170.0   0.435E-03 174.0   0.373E-03        
 178.0   0.319E-03 182.0   0.273E-03 186.0   0.233E-03 190.0   0.198E-03        
 194.0   0.167E-03 198.0   0.140E-03 202.0   0.116E-03 206.0   0.949E-04        
 210.0   0.772E-04 214.0   0.620E-04 218.0   0.491E-04 222.0   0.384E-04        
 226.0   0.296E-04 230.0   0.228E-04 234.0   0.174E-04 238.0   0.129E-04        
 242.0   0.941E-05 246.0   0.668E-05 250.0   0.467E-05 254.0   0.314E-05        
 258.0   0.180E-05 262.0   0.679E-06 266.0   0.505E-07 270.0   0.000E+00        
 274.0   0.000E+00 278.0   0.000E+00 282.0   0.000E+00 286.0   0.000E+00        
 290.0   0.000E+00 294.0   0.000E+00 298.0   0.000E+00 302.0   0.000E+00        
 306.0   0.000E+00 310.0   0.000E+00 314.0   0.000E+00 318.0   0.000E+00        
 322.0   0.000E+00 326.0   0.000E+00 330.0   0.000E+00 334.0   0.000E+00        
 338.0   0.000E+00                                                              
.10000D+01 .40000D+01   81                                                       
  18.0   0.248E-04  22.0   0.304E-03  26.0   0.152E-02  30.0   0.651E-02        
  34.0   0.356E-01  38.0   0.318E+00  42.0   0.243E+00  46.0   0.641E-01        
  50.0   0.312E-01  54.0   0.198E-01  58.0   0.145E-01  62.0   0.114E-01        
  66.0   0.943E-02  70.0   0.805E-02  74.0   0.702E-02  78.0   0.622E-02        
  82.0   0.554E-02  86.0   0.495E-02  90.0   0.443E-02  94.0   0.396E-02        
  98.0   0.356E-02 102.0   0.321E-02 106.0   0.290E-02 110.0   0.262E-02        
 114.0   0.235E-02 118.0   0.211E-02 122.0   0.188E-02 126.0   0.168E-02        
 130.0   0.150E-02 134.0   0.133E-02 138.0   0.118E-02 142.0   0.104E-02        
 146.0   0.920E-03 150.0   0.817E-03 154.0   0.727E-03 158.0   0.647E-03        
 162.0   0.574E-03 166.0   0.509E-03 170.0   0.449E-03 174.0   0.395E-03        
 178.0   0.346E-03 182.0   0.302E-03 186.0   0.263E-03 190.0   0.228E-03        
 194.0   0.197E-03 198.0   0.169E-03 202.0   0.144E-03 206.0   0.122E-03        
 210.0   0.102E-03 214.0   0.851E-04 218.0   0.702E-04 222.0   0.574E-04        
 226.0   0.465E-04 230.0   0.376E-04 234.0   0.302E-04 238.0   0.243E-04        
 242.0   0.198E-04 246.0   0.157E-04 250.0   0.112E-04 254.0   0.721E-05        
 258.0   0.508E-05 262.0   0.377E-05 266.0   0.268E-05 270.0   0.182E-05        
 274.0   0.113E-05 278.0   0.618E-06 282.0   0.248E-06 286.0   0.255E-07        
 290.0   0.000E+00 294.0   0.000E+00 298.0   0.000E+00 302.0   0.000E+00        
 306.0   0.000E+00 310.0   0.000E+00 314.0   0.000E+00 318.0   0.000E+00        
 322.0   0.000E+00 326.0   0.000E+00 330.0   0.000E+00 334.0   0.000E+00        
 338.0   0.000E+00                                                              
.11000D+01 .40000D+01   81                                                       
  18.0   0.114E-05  22.0   0.549E-03  26.0   0.519E-02  30.0   0.616E-01        
  34.0   0.540E+00  38.0   0.788E-01  42.0   0.273E-01  46.0   0.161E-01        
  50.0   0.114E-01  54.0   0.892E-02  58.0   0.730E-02  62.0   0.623E-02        
  66.0   0.550E-02  70.0   0.496E-02  74.0   0.452E-02  78.0   0.414E-02        
  82.0   0.380E-02  86.0   0.349E-02  90.0   0.320E-02  94.0   0.293E-02        
  98.0   0.269E-02 102.0   0.246E-02 106.0   0.225E-02 110.0   0.206E-02        
 114.0   0.188E-02 118.0   0.171E-02 122.0   0.155E-02 126.0   0.141E-02        
 130.0   0.128E-02 134.0   0.116E-02 138.0   0.104E-02 142.0   0.936E-03        
 146.0   0.839E-03 150.0   0.754E-03 154.0   0.678E-03 158.0   0.608E-03        
 162.0   0.545E-03 166.0   0.490E-03 170.0   0.442E-03 174.0   0.395E-03        
 178.0   0.349E-03 182.0   0.307E-03 186.0   0.272E-03 190.0   0.241E-03        
 194.0   0.213E-03 198.0   0.187E-03 202.0   0.163E-03 206.0   0.142E-03        
 210.0   0.124E-03 214.0   0.107E-03 218.0   0.918E-04 222.0   0.785E-04        
 226.0   0.667E-04 230.0   0.563E-04 234.0   0.472E-04 238.0   0.392E-04        
 242.0   0.323E-04 246.0   0.264E-04 250.0   0.216E-04 254.0   0.176E-04        
 258.0   0.143E-04 262.0   0.115E-04 266.0   0.928E-05 270.0   0.753E-05        
 274.0   0.612E-05 278.0   0.499E-05 282.0   0.405E-05 286.0   0.322E-05        
 290.0   0.241E-05 294.0   0.156E-05 298.0   0.732E-06 302.0   0.174E-06        
 306.0   0.163E-07 310.0   0.000E+00 314.0   0.000E+00 318.0   0.000E+00        
 322.0   0.000E+00 326.0   0.000E+00 330.0   0.000E+00 334.0   0.000E+00        
 338.0   0.000E+00                                                              
.12000D+01 .40000D+01   81                                                       
  18.0   0.994E-04  22.0   0.391E-02  26.0   0.551E+00  30.0   0.152E+00        
  34.0   0.208E-01  38.0   0.112E-01  42.0   0.788E-02  46.0   0.625E-02        
  50.0   0.529E-02  54.0   0.464E-02  58.0   0.418E-02  62.0   0.383E-02        
  66.0   0.354E-02  70.0   0.330E-02  74.0   0.308E-02  78.0   0.288E-02        
  82.0   0.270E-02  86.0   0.253E-02  90.0   0.237E-02  94.0   0.222E-02        
  98.0   0.207E-02 102.0   0.192E-02 106.0   0.178E-02 110.0   0.165E-02        
 114.0   0.153E-02 118.0   0.142E-02 122.0   0.130E-02 126.0   0.119E-02        
 130.0   0.108E-02 134.0   0.980E-03 138.0   0.893E-03 142.0   0.818E-03        
 146.0   0.750E-03 150.0   0.686E-03 154.0   0.626E-03 158.0   0.565E-03        
 162.0   0.509E-03 166.0   0.460E-03 170.0   0.418E-03 174.0   0.379E-03        
 178.0   0.343E-03 182.0   0.308E-03 186.0   0.277E-03 190.0   0.248E-03        
 194.0   0.222E-03 198.0   0.198E-03 202.0   0.176E-03 206.0   0.156E-03        
 210.0   0.137E-03 214.0   0.120E-03 218.0   0.105E-03 222.0   0.911E-04        
 226.0   0.788E-04 230.0   0.680E-04 234.0   0.584E-04 238.0   0.500E-04        
 242.0   0.428E-04 246.0   0.365E-04 250.0   0.312E-04 254.0   0.267E-04        
 258.0   0.229E-04 262.0   0.197E-04 266.0   0.169E-04 270.0   0.144E-04        
 274.0   0.123E-04 278.0   0.105E-04 282.0   0.878E-05 286.0   0.718E-05        
 290.0   0.566E-05 294.0   0.402E-05 298.0   0.238E-05 302.0   0.124E-05        
 306.0   0.836E-06 310.0   0.534E-06 314.0   0.309E-06 318.0   0.154E-06        
 322.0   0.548E-07 326.0   0.501E-08 330.0   0.000E+00 334.0   0.000E+00        
 338.0   0.000E+00                                                              
.13000D+01 .40000D+01   81                                                       
  18.0   0.533E-02  22.0   0.720E+00  26.0   0.837E-02  30.0   0.511E-02        
  34.0   0.405E-02  38.0   0.351E-02  42.0   0.316E-02  46.0   0.290E-02        
  50.0   0.271E-02  54.0   0.256E-02  58.0   0.243E-02  62.0   0.233E-02        
  66.0   0.224E-02  70.0   0.216E-02  74.0   0.209E-02  78.0   0.201E-02        
  82.0   0.193E-02  86.0   0.184E-02  90.0   0.175E-02  94.0   0.166E-02        
  98.0   0.157E-02 102.0   0.148E-02 106.0   0.139E-02 110.0   0.131E-02        
 114.0   0.124E-02 118.0   0.116E-02 122.0   0.107E-02 126.0   0.989E-03        
 130.0   0.912E-03 134.0   0.841E-03 138.0   0.777E-03 142.0   0.717E-03        
 146.0   0.662E-03 150.0   0.609E-03 154.0   0.561E-03 158.0   0.518E-03        
 162.0   0.477E-03 166.0   0.436E-03 170.0   0.395E-03 174.0   0.360E-03        
 178.0   0.329E-03 182.0   0.301E-03 186.0   0.274E-03 190.0   0.248E-03        
 194.0   0.224E-03 198.0   0.202E-03 202.0   0.182E-03 206.0   0.163E-03        
 210.0   0.146E-03 214.0   0.131E-03 218.0   0.117E-03 222.0   0.104E-03        
 226.0   0.924E-04 230.0   0.817E-04 234.0   0.718E-04 238.0   0.629E-04        
 242.0   0.547E-04 246.0   0.474E-04 250.0   0.409E-04 254.0   0.352E-04        
 258.0   0.302E-04 262.0   0.258E-04 266.0   0.212E-04 270.0   0.165E-04        
 274.0   0.128E-04 278.0   0.108E-04 282.0   0.923E-05 286.0   0.779E-05        
 290.0   0.643E-05 294.0   0.520E-05 298.0   0.412E-05 302.0   0.318E-05        
 306.0   0.239E-05 310.0   0.179E-05 314.0   0.132E-05 318.0   0.950E-06        
 322.0   0.675E-06 326.0   0.470E-06 330.0   0.296E-06 334.0   0.167E-06        
 338.0   0.145E-08                                                              
.14630D+01 .40000D+01  184                                                       
  18.0   0.125E-03  22.0   0.372E-03  26.0   0.609E-03  30.0   0.829E-03        
  34.0   0.102E-02  38.0   0.119E-02  42.0   0.131E-02  46.0   0.138E-02        
  50.0   0.140E-02  54.0   0.142E-02  58.0   0.146E-02  62.0   0.149E-02        
  66.0   0.149E-02  70.0   0.149E-02  74.0   0.148E-02  78.0   0.146E-02        
  82.0   0.144E-02  86.0   0.139E-02  90.0   0.134E-02  94.0   0.129E-02        
  98.0   0.124E-02 102.0   0.118E-02 106.0   0.112E-02 110.0   0.106E-02        
 114.0   0.100E-02 118.0   0.951E-03 122.0   0.893E-03 126.0   0.836E-03        
 130.0   0.784E-03 134.0   0.735E-03 138.0   0.684E-03 142.0   0.633E-03        
 146.0   0.587E-03 150.0   0.548E-03 154.0   0.513E-03 158.0   0.479E-03        
 162.0   0.446E-03 166.0   0.415E-03 170.0   0.386E-03 174.0   0.357E-03        
 178.0   0.330E-03 182.0   0.304E-03 186.0   0.280E-03 190.0   0.258E-03        
 194.0   0.237E-03 198.0   0.216E-03 202.0   0.197E-03 206.0   0.181E-03        
 210.0   0.166E-03 214.0   0.151E-03 218.0   0.138E-03 222.0   0.125E-03        
 226.0   0.114E-03 230.0   0.103E-03 234.0   0.924E-04 238.0   0.829E-04        
 242.0   0.743E-04 246.0   0.663E-04 250.0   0.589E-04 254.0   0.522E-04        
 258.0   0.461E-04 262.0   0.406E-04 266.0   0.356E-04 270.0   0.312E-04        
 274.0   0.272E-04 278.0   0.236E-04 282.0   0.205E-04 286.0   0.178E-04        
 290.0   0.154E-04 294.0   0.133E-04 298.0   0.115E-04 302.0   0.980E-05        
 306.0   0.811E-05 310.0   0.656E-05 314.0   0.525E-05 318.0   0.414E-05        
 322.0   0.321E-05 326.0   0.245E-05 330.0   0.183E-05 334.0   0.135E-05        
 338.0   0.988E-06 342.0   0.755E-06 346.0   0.582E-06 350.0   0.375E-06        
 354.0   0.168E-06 358.0   0.373E-07 362.0   0.486E-09 366.0   0.000E+00        
 370.0   0.000E+00 374.0   0.000E+00 378.0   0.000E+00 382.0   0.000E+00        
 386.0   0.000E+00 390.0   0.000E+00 394.0   0.000E+00 398.0   0.000E+00        
 402.0   0.000E+00 406.0   0.000E+00 410.0   0.000E+00 414.0   0.000E+00        
 418.0   0.000E+00 422.0   0.000E+00 426.0   0.000E+00 430.0   0.000E+00        
 434.0   0.000E+00 438.0   0.000E+00 442.0   0.000E+00 446.0   0.000E+00        
 450.0   0.000E+00 454.0   0.000E+00 458.0   0.000E+00 462.0   0.000E+00        
 466.0   0.000E+00 470.0   0.000E+00 474.0   0.000E+00 478.0   0.000E+00        
 482.0   0.000E+00 486.0   0.000E+00 490.0   0.000E+00 494.0   0.000E+00        
 498.0   0.000E+00 502.0   0.000E+00 506.0   0.000E+00 510.0   0.000E+00        
 514.0   0.000E+00 518.0   0.000E+00 522.0   0.000E+00 526.0   0.000E+00        
 530.0   0.000E+00 534.0   0.000E+00 538.0   0.000E+00 542.0   0.000E+00        
 546.0   0.000E+00 550.0   0.000E+00 554.0   0.000E+00 558.0   0.000E+00        
 562.0   0.000E+00 566.0   0.000E+00 570.0   0.000E+00 574.0   0.000E+00        
 578.0   0.000E+00 582.0   0.000E+00 586.0   0.000E+00 590.0   0.000E+00        
 594.0   0.000E+00 598.0   0.000E+00 602.0   0.000E+00 606.0   0.000E+00        
 610.0   0.000E+00 614.0   0.000E+00 618.0   0.000E+00 622.0   0.000E+00        
 626.0   0.000E+00 630.0   0.000E+00 634.0   0.000E+00 638.0   0.000E+00        
 642.0   0.000E+00 646.0   0.000E+00 650.0   0.000E+00 654.0   0.000E+00        
 658.0   0.000E+00 662.0   0.000E+00 666.0   0.000E+00 670.0   0.000E+00        
 674.0   0.000E+00 678.0   0.000E+00 682.0   0.000E+00 686.0   0.000E+00        
 690.0   0.000E+00 694.0   0.000E+00 698.0   0.000E+00 702.0   0.000E+00        
 706.0   0.000E+00 710.0   0.000E+00 714.0   0.000E+00 718.0   0.000E+00        
 722.0   0.000E+00 726.0   0.000E+00 730.0   0.000E+00 734.0   0.000E+00        
 738.0   0.000E+00 742.0   0.000E+00 746.0   0.000E+00 750.0   0.000E+00        
.17290D+01 .40000D+01  184                                                       
  18.0   0.993E-05  22.0   0.395E-04  26.0   0.929E-04  30.0   0.161E-03        
  34.0   0.236E-03  38.0   0.304E-03  42.0   0.365E-03  46.0   0.413E-03        
  50.0   0.452E-03  54.0   0.499E-03  58.0   0.561E-03  62.0   0.617E-03        
  66.0   0.647E-03  70.0   0.668E-03  74.0   0.688E-03  78.0   0.706E-03        
  82.0   0.720E-03  86.0   0.727E-03  90.0   0.726E-03  94.0   0.717E-03        
  98.0   0.703E-03 102.0   0.686E-03 106.0   0.667E-03 110.0   0.647E-03        
 114.0   0.626E-03 118.0   0.603E-03 122.0   0.576E-03 126.0   0.550E-03        
 130.0   0.527E-03 134.0   0.505E-03 138.0   0.481E-03 142.0   0.458E-03        
 146.0   0.435E-03 150.0   0.413E-03 154.0   0.392E-03 158.0   0.371E-03        
 162.0   0.351E-03 166.0   0.331E-03 170.0   0.312E-03 174.0   0.295E-03        
 178.0   0.278E-03 182.0   0.261E-03 186.0   0.245E-03 190.0   0.230E-03        
 194.0   0.215E-03 198.0   0.202E-03 202.0   0.189E-03 206.0   0.176E-03        
 210.0   0.164E-03 214.0   0.153E-03 218.0   0.142E-03 222.0   0.132E-03        
 226.0   0.122E-03 230.0   0.113E-03 234.0   0.105E-03 238.0   0.965E-04        
 242.0   0.889E-04 246.0   0.818E-04 250.0   0.751E-04 254.0   0.689E-04        
 258.0   0.631E-04 262.0   0.576E-04 266.0   0.526E-04 270.0   0.479E-04        
 274.0   0.435E-04 278.0   0.395E-04 282.0   0.358E-04 286.0   0.324E-04        
 290.0   0.293E-04 294.0   0.265E-04 298.0   0.238E-04 302.0   0.214E-04        
 306.0   0.191E-04 310.0   0.169E-04 314.0   0.150E-04 318.0   0.133E-04        
 322.0   0.117E-04 326.0   0.103E-04 330.0   0.904E-05 334.0   0.792E-05        
 338.0   0.693E-05 342.0   0.607E-05 346.0   0.531E-05 350.0   0.457E-05        
 354.0   0.388E-05 358.0   0.324E-05 362.0   0.267E-05 366.0   0.215E-05        
 370.0   0.172E-05 374.0   0.134E-05 378.0   0.102E-05 382.0   0.759E-06        
 386.0   0.546E-06 390.0   0.377E-06 394.0   0.242E-06 398.0   0.129E-06        
 402.0   0.483E-07 406.0   0.115E-07 410.0   0.314E-09 414.0   0.000E+00        
 418.0   0.000E+00 422.0   0.000E+00 426.0   0.000E+00 430.0   0.000E+00        
 434.0   0.000E+00 438.0   0.000E+00 442.0   0.000E+00 446.0   0.000E+00        
 450.0   0.000E+00 454.0   0.000E+00 458.0   0.000E+00 462.0   0.000E+00        
 466.0   0.000E+00 470.0   0.000E+00 474.0   0.000E+00 478.0   0.000E+00        
 482.0   0.000E+00 486.0   0.000E+00 490.0   0.000E+00 494.0   0.000E+00        
 498.0   0.000E+00 502.0   0.000E+00 506.0   0.000E+00 510.0   0.000E+00        
 514.0   0.000E+00 518.0   0.000E+00 522.0   0.000E+00 526.0   0.000E+00        
 530.0   0.000E+00 534.0   0.000E+00 538.0   0.000E+00 542.0   0.000E+00        
 546.0   0.000E+00 550.0   0.000E+00 554.0   0.000E+00 558.0   0.000E+00        
 562.0   0.000E+00 566.0   0.000E+00 570.0   0.000E+00 574.0   0.000E+00        
 578.0   0.000E+00 582.0   0.000E+00 586.0   0.000E+00 590.0   0.000E+00        
 594.0   0.000E+00 598.0   0.000E+00 602.0   0.000E+00 606.0   0.000E+00        
 610.0   0.000E+00 614.0   0.000E+00 618.0   0.000E+00 622.0   0.000E+00        
 626.0   0.000E+00 630.0   0.000E+00 634.0   0.000E+00 638.0   0.000E+00        
 642.0   0.000E+00 646.0   0.000E+00 650.0   0.000E+00 654.0   0.000E+00        
 658.0   0.000E+00 662.0   0.000E+00 666.0   0.000E+00 670.0   0.000E+00        
 674.0   0.000E+00 678.0   0.000E+00 682.0   0.000E+00 686.0   0.000E+00        
 690.0   0.000E+00 694.0   0.000E+00 698.0   0.000E+00 702.0   0.000E+00        
 706.0   0.000E+00 710.0   0.000E+00 714.0   0.000E+00 718.0   0.000E+00        
 722.0   0.000E+00 726.0   0.000E+00 730.0   0.000E+00 734.0   0.000E+00        
 738.0   0.000E+00 742.0   0.000E+00 746.0   0.000E+00 750.0   0.000E+00        
.19950D+01 .40000D+01  184                                                       
  18.0   0.837E-06  22.0   0.109E-04  26.0   0.302E-04  30.0   0.559E-04        
  34.0   0.856E-04  38.0   0.115E-03  42.0   0.145E-03  46.0   0.178E-03        
  50.0   0.212E-03  54.0   0.241E-03  58.0   0.263E-03  62.0   0.283E-03        
  66.0   0.309E-03  70.0   0.334E-03  74.0   0.357E-03  78.0   0.376E-03        
  82.0   0.392E-03  86.0   0.404E-03  90.0   0.412E-03  94.0   0.415E-03        
  98.0   0.414E-03 102.0   0.412E-03 106.0   0.408E-03 110.0   0.404E-03        
 114.0   0.399E-03 118.0   0.391E-03 122.0   0.380E-03 126.0   0.368E-03        
 130.0   0.357E-03 134.0   0.346E-03 138.0   0.335E-03 142.0   0.323E-03        
 146.0   0.312E-03 150.0   0.300E-03 154.0   0.288E-03 158.0   0.277E-03        
 162.0   0.265E-03 166.0   0.254E-03 170.0   0.243E-03 174.0   0.232E-03        
 178.0   0.222E-03 182.0   0.211E-03 186.0   0.201E-03 190.0   0.192E-03        
 194.0   0.183E-03 198.0   0.174E-03 202.0   0.165E-03 206.0   0.156E-03        
 210.0   0.147E-03 214.0   0.139E-03 218.0   0.131E-03 222.0   0.123E-03        
 226.0   0.116E-03 230.0   0.109E-03 234.0   0.103E-03 238.0   0.964E-04        
 242.0   0.904E-04 246.0   0.847E-04 250.0   0.792E-04 254.0   0.741E-04        
 258.0   0.692E-04 262.0   0.646E-04 266.0   0.602E-04 270.0   0.561E-04        
 274.0   0.521E-04 278.0   0.484E-04 282.0   0.450E-04 286.0   0.417E-04        
 290.0   0.386E-04 294.0   0.357E-04 298.0   0.330E-04 302.0   0.304E-04        
 306.0   0.280E-04 310.0   0.257E-04 314.0   0.235E-04 318.0   0.215E-04        
 322.0   0.197E-04 326.0   0.180E-04 330.0   0.163E-04 334.0   0.149E-04        
 338.0   0.135E-04 342.0   0.122E-04 346.0   0.111E-04 350.0   0.994E-05        
 354.0   0.890E-05 358.0   0.793E-05 362.0   0.703E-05 366.0   0.620E-05        
 370.0   0.545E-05 374.0   0.476E-05 378.0   0.414E-05 382.0   0.359E-05        
 386.0   0.309E-05 390.0   0.264E-05 394.0   0.225E-05 398.0   0.189E-05        
 402.0   0.158E-05 406.0   0.130E-05 410.0   0.105E-05 414.0   0.834E-06        
 418.0   0.654E-06 422.0   0.504E-06 426.0   0.382E-06 430.0   0.286E-06        
 434.0   0.213E-06 438.0   0.159E-06 442.0   0.128E-06 446.0   0.108E-06        
 450.0   0.824E-07 454.0   0.456E-07 458.0   0.148E-07 462.0   0.358E-08        
 466.0   0.103E-09 470.0   0.000E+00 474.0   0.000E+00 478.0   0.000E+00        
 482.0   0.000E+00 486.0   0.000E+00 490.0   0.000E+00 494.0   0.000E+00        
 498.0   0.000E+00 502.0   0.000E+00 506.0   0.000E+00 510.0   0.000E+00        
 514.0   0.000E+00 518.0   0.000E+00 522.0   0.000E+00 526.0   0.000E+00        
 530.0   0.000E+00 534.0   0.000E+00 538.0   0.000E+00 542.0   0.000E+00        
 546.0   0.000E+00 550.0   0.839E-10 554.0   0.115E-08 558.0   0.244E-08        
 562.0   0.357E-08 566.0   0.454E-08 570.0   0.532E-08 574.0   0.585E-08        
 578.0   0.608E-08 582.0   0.598E-08 586.0   0.549E-08 590.0   0.437E-08        
 594.0   0.299E-08 598.0   0.167E-08 602.0   0.000E+00 606.0   0.000E+00        
 610.0   0.000E+00 614.0   0.000E+00 618.0   0.000E+00 622.0   0.000E+00        
 626.0   0.000E+00 630.0   0.000E+00 634.0   0.000E+00 638.0   0.000E+00        
 642.0   0.000E+00 646.0   0.000E+00 650.0   0.000E+00 654.0   0.000E+00        
 658.0   0.000E+00 662.0   0.000E+00 666.0   0.000E+00 670.0   0.000E+00        
 674.0   0.000E+00 678.0   0.000E+00 682.0   0.000E+00 686.0   0.000E+00        
 690.0   0.000E+00 694.0   0.000E+00 698.0   0.000E+00 702.0   0.000E+00        
 706.0   0.000E+00 710.0   0.000E+00 714.0   0.000E+00 718.0   0.000E+00        
 722.0   0.000E+00 726.0   0.000E+00 730.0   0.000E+00 734.0   0.000E+00        
 738.0   0.000E+00 742.0   0.000E+00 746.0   0.000E+00 750.0   0.000E+00        
.22610D+01 .40000D+01  184                                                       
  18.0   0.000E+00  22.0   0.333E-05  26.0   0.115E-04  30.0   0.232E-04        
  34.0   0.372E-04  38.0   0.517E-04  42.0   0.670E-04  46.0   0.834E-04        
  50.0   0.100E-03  54.0   0.117E-03  58.0   0.134E-03  62.0   0.150E-03        
  66.0   0.166E-03  70.0   0.180E-03  74.0   0.195E-03  78.0   0.208E-03        
  82.0   0.219E-03  86.0   0.227E-03  90.0   0.234E-03  94.0   0.239E-03        
  98.0   0.244E-03 102.0   0.246E-03 106.0   0.247E-03 110.0   0.247E-03        
 114.0   0.247E-03 118.0   0.245E-03 122.0   0.242E-03 126.0   0.239E-03        
 130.0   0.235E-03 134.0   0.230E-03 138.0   0.225E-03 142.0   0.220E-03        
 146.0   0.214E-03 150.0   0.209E-03 154.0   0.204E-03 158.0   0.199E-03        
 162.0   0.194E-03 166.0   0.188E-03 170.0   0.182E-03 174.0   0.176E-03        
 178.0   0.170E-03 182.0   0.164E-03 186.0   0.158E-03 190.0   0.152E-03        
 194.0   0.147E-03 198.0   0.141E-03 202.0   0.136E-03 206.0   0.130E-03        
 210.0   0.124E-03 214.0   0.118E-03 218.0   0.113E-03 222.0   0.108E-03        
 226.0   0.103E-03 230.0   0.977E-04 234.0   0.930E-04 238.0   0.884E-04        
 242.0   0.840E-04 246.0   0.797E-04 250.0   0.756E-04 254.0   0.716E-04        
 258.0   0.678E-04 262.0   0.641E-04 266.0   0.606E-04 270.0   0.572E-04        
 274.0   0.539E-04 278.0   0.508E-04 282.0   0.478E-04 286.0   0.449E-04        
 290.0   0.421E-04 294.0   0.395E-04 298.0   0.370E-04 302.0   0.347E-04        
 306.0   0.324E-04 310.0   0.304E-04 314.0   0.284E-04 318.0   0.265E-04        
 322.0   0.247E-04 326.0   0.230E-04 330.0   0.214E-04 334.0   0.200E-04        
 338.0   0.185E-04 342.0   0.172E-04 346.0   0.160E-04 350.0   0.148E-04        
 354.0   0.137E-04 358.0   0.127E-04 362.0   0.117E-04 366.0   0.108E-04        
 370.0   0.991E-05 374.0   0.912E-05 378.0   0.837E-05 382.0   0.768E-05        
 386.0   0.704E-05 390.0   0.645E-05 394.0   0.589E-05 398.0   0.537E-05        
 402.0   0.487E-05 406.0   0.439E-05 410.0   0.393E-05 414.0   0.350E-05        
 418.0   0.310E-05 422.0   0.274E-05 426.0   0.240E-05 430.0   0.210E-05        
 434.0   0.182E-05 438.0   0.156E-05 442.0   0.133E-05 446.0   0.112E-05        
 450.0   0.940E-06 454.0   0.779E-06 458.0   0.639E-06 462.0   0.518E-06        
 466.0   0.414E-06 470.0   0.326E-06 474.0   0.253E-06 478.0   0.194E-06        
 482.0   0.147E-06 486.0   0.111E-06 490.0   0.857E-07 494.0   0.669E-07        
 498.0   0.505E-07 502.0   0.361E-07 506.0   0.213E-07 510.0   0.734E-08        
 514.0   0.000E+00 518.0   0.000E+00 522.0   0.000E+00 526.0   0.000E+00        
 530.0   0.000E+00 534.0   0.000E+00 538.0   0.000E+00 542.0   0.000E+00        
 546.0   0.000E+00 550.0   0.563E-09 554.0   0.772E-08 558.0   0.165E-07        
 562.0   0.245E-07 566.0   0.315E-07 570.0   0.373E-07 574.0   0.414E-07        
 578.0   0.434E-07 582.0   0.430E-07 586.0   0.397E-07 590.0   0.317E-07        
 594.0   0.219E-07 598.0   0.122E-07 602.0   0.000E+00 606.0   0.000E+00        
 610.0   0.000E+00 614.0   0.000E+00 618.0   0.000E+00 622.0   0.000E+00        
 626.0   0.000E+00 630.0   0.000E+00 634.0   0.000E+00 638.0   0.000E+00        
 642.0   0.000E+00 646.0   0.000E+00 650.0   0.000E+00 654.0   0.000E+00        
 658.0   0.000E+00 662.0   0.000E+00 666.0   0.000E+00 670.0   0.000E+00        
 674.0   0.000E+00 678.0   0.000E+00 682.0   0.000E+00 686.0   0.000E+00        
 690.0   0.000E+00 694.0   0.000E+00 698.0   0.000E+00 702.0   0.000E+00        
 706.0   0.000E+00 710.0   0.000E+00 714.0   0.000E+00 718.0   0.000E+00        
 722.0   0.000E+00 726.0   0.000E+00 730.0   0.000E+00 734.0   0.000E+00        
 738.0   0.000E+00 742.0   0.000E+00 746.0   0.000E+00 750.0   0.000E+00        
.25270D+01 .40000D+01  184                                                       
  18.0   0.000E+00  22.0   0.162E-05  26.0   0.543E-05  30.0   0.110E-04        
  34.0   0.179E-04  38.0   0.259E-04  42.0   0.344E-04  46.0   0.429E-04        
  50.0   0.513E-04  54.0   0.603E-04  58.0   0.701E-04  62.0   0.799E-04        
  66.0   0.887E-04  70.0   0.971E-04  74.0   0.105E-03  78.0   0.113E-03        
  82.0   0.119E-03  86.0   0.125E-03  90.0   0.130E-03  94.0   0.134E-03        
  98.0   0.137E-03 102.0   0.139E-03 106.0   0.141E-03 110.0   0.142E-03        
 114.0   0.143E-03 118.0   0.144E-03 122.0   0.144E-03 126.0   0.145E-03        
 130.0   0.145E-03 134.0   0.144E-03 138.0   0.144E-03 142.0   0.143E-03        
 146.0   0.142E-03 150.0   0.140E-03 154.0   0.139E-03 158.0   0.137E-03        
 162.0   0.134E-03 166.0   0.132E-03 170.0   0.129E-03 174.0   0.126E-03        
 178.0   0.123E-03 182.0   0.120E-03 186.0   0.117E-03 190.0   0.114E-03        
 194.0   0.110E-03 198.0   0.107E-03 202.0   0.103E-03 206.0   0.999E-04        
 210.0   0.966E-04 214.0   0.932E-04 218.0   0.900E-04 222.0   0.867E-04        
 226.0   0.836E-04 230.0   0.804E-04 234.0   0.774E-04 238.0   0.743E-04        
 242.0   0.714E-04 246.0   0.685E-04 250.0   0.656E-04 254.0   0.628E-04        
 258.0   0.601E-04 262.0   0.574E-04 266.0   0.548E-04 270.0   0.523E-04        
 274.0   0.498E-04 278.0   0.474E-04 282.0   0.450E-04 286.0   0.428E-04        
 290.0   0.406E-04 294.0   0.385E-04 298.0   0.364E-04 302.0   0.345E-04        
 306.0   0.327E-04 310.0   0.310E-04 314.0   0.293E-04 318.0   0.278E-04        
 322.0   0.263E-04 326.0   0.248E-04 330.0   0.235E-04 334.0   0.221E-04        
 338.0   0.209E-04 342.0   0.197E-04 346.0   0.186E-04 350.0   0.175E-04        
 354.0   0.164E-04 358.0   0.154E-04 362.0   0.144E-04 366.0   0.135E-04        
 370.0   0.127E-04 374.0   0.118E-04 378.0   0.110E-04 382.0   0.103E-04        
 386.0   0.960E-05 390.0   0.893E-05 394.0   0.830E-05 398.0   0.771E-05        
 402.0   0.715E-05 406.0   0.662E-05 410.0   0.612E-05 414.0   0.564E-05        
 418.0   0.520E-05 422.0   0.479E-05 426.0   0.440E-05 430.0   0.404E-05        
 434.0   0.370E-05 438.0   0.339E-05 442.0   0.310E-05 446.0   0.283E-05        
 450.0   0.257E-05 454.0   0.233E-05 458.0   0.210E-05 462.0   0.189E-05        
 466.0   0.169E-05 470.0   0.151E-05 474.0   0.135E-05 478.0   0.119E-05        
 482.0   0.106E-05 486.0   0.931E-06 490.0   0.817E-06 494.0   0.714E-06        
 498.0   0.621E-06 502.0   0.536E-06 506.0   0.459E-06 510.0   0.389E-06        
 514.0   0.327E-06 518.0   0.273E-06 522.0   0.226E-06 526.0   0.185E-06        
 530.0   0.151E-06 534.0   0.122E-06 538.0   0.988E-07 542.0   0.796E-07        
 546.0   0.646E-07 550.0   0.530E-07 554.0   0.446E-07 558.0   0.386E-07        
 562.0   0.346E-07 566.0   0.322E-07 570.0   0.307E-07 574.0   0.297E-07        
 578.0   0.287E-07 582.0   0.272E-07 586.0   0.246E-07 590.0   0.195E-07        
 594.0   0.135E-07 598.0   0.764E-08 602.0   0.000E+00 606.0   0.000E+00        
 610.0   0.000E+00 614.0   0.000E+00 618.0   0.000E+00 622.0   0.000E+00        
 626.0   0.000E+00 630.0   0.000E+00 634.0   0.000E+00 638.0   0.000E+00        
 642.0   0.000E+00 646.0   0.000E+00 650.0   0.000E+00 654.0   0.000E+00        
 658.0   0.000E+00 662.0   0.000E+00 666.0   0.000E+00 670.0   0.000E+00        
 674.0   0.000E+00 678.0   0.000E+00 682.0   0.000E+00 686.0   0.000E+00        
 690.0   0.000E+00 694.0   0.000E+00 698.0   0.000E+00 702.0   0.000E+00        
 706.0   0.000E+00 710.0   0.000E+00 714.0   0.000E+00 718.0   0.000E+00        
 722.0   0.000E+00 726.0   0.000E+00 730.0   0.000E+00 734.0   0.000E+00        
 738.0   0.000E+00 742.0   0.000E+00 746.0   0.000E+00 750.0   0.000E+00        
.27930D+01 .40000D+01  184                                                       
  18.0   0.000E+00  22.0   0.345E-06  26.0   0.226E-05  30.0   0.520E-05        
  34.0   0.887E-05  38.0   0.128E-04  42.0   0.172E-04  46.0   0.219E-04        
  50.0   0.269E-04  54.0   0.318E-04  58.0   0.365E-04  62.0   0.411E-04        
  66.0   0.458E-04  70.0   0.504E-04  74.0   0.547E-04  78.0   0.585E-04        
  82.0   0.618E-04  86.0   0.647E-04  90.0   0.672E-04  94.0   0.693E-04        
  98.0   0.712E-04 102.0   0.729E-04 106.0   0.745E-04 110.0   0.760E-04        
 114.0   0.774E-04 118.0   0.787E-04 122.0   0.799E-04 126.0   0.809E-04        
 130.0   0.818E-04 134.0   0.826E-04 138.0   0.832E-04 142.0   0.837E-04        
 146.0   0.841E-04 150.0   0.846E-04 154.0   0.848E-04 158.0   0.848E-04        
 162.0   0.846E-04 166.0   0.843E-04 170.0   0.839E-04 174.0   0.834E-04        
 178.0   0.826E-04 182.0   0.817E-04 186.0   0.807E-04 190.0   0.795E-04        
 194.0   0.781E-04 198.0   0.765E-04 202.0   0.747E-04 206.0   0.728E-04        
 210.0   0.708E-04 214.0   0.689E-04 218.0   0.670E-04 222.0   0.651E-04        
 226.0   0.632E-04 230.0   0.613E-04 234.0   0.594E-04 238.0   0.576E-04        
 242.0   0.557E-04 246.0   0.539E-04 250.0   0.521E-04 254.0   0.503E-04        
 258.0   0.485E-04 262.0   0.467E-04 266.0   0.450E-04 270.0   0.433E-04        
 274.0   0.417E-04 278.0   0.400E-04 282.0   0.384E-04 286.0   0.368E-04        
 290.0   0.353E-04 294.0   0.338E-04 298.0   0.323E-04 302.0   0.309E-04        
 306.0   0.296E-04 310.0   0.283E-04 314.0   0.270E-04 318.0   0.258E-04        
 322.0   0.246E-04 326.0   0.235E-04 330.0   0.223E-04 334.0   0.213E-04        
 338.0   0.202E-04 342.0   0.193E-04 346.0   0.183E-04 350.0   0.174E-04        
 354.0   0.165E-04 358.0   0.157E-04 362.0   0.149E-04 366.0   0.141E-04        
 370.0   0.134E-04 374.0   0.127E-04 378.0   0.120E-04 382.0   0.114E-04        
 386.0   0.108E-04 390.0   0.102E-04 394.0   0.966E-05 398.0   0.913E-05        
 402.0   0.861E-05 406.0   0.811E-05 410.0   0.763E-05 414.0   0.718E-05        
 418.0   0.674E-05 422.0   0.632E-05 426.0   0.593E-05 430.0   0.555E-05        
 434.0   0.519E-05 438.0   0.485E-05 442.0   0.453E-05 446.0   0.423E-05        
 450.0   0.394E-05 454.0   0.366E-05 458.0   0.340E-05 462.0   0.316E-05        
 466.0   0.293E-05 470.0   0.271E-05 474.0   0.251E-05 478.0   0.232E-05        
 482.0   0.214E-05 486.0   0.197E-05 490.0   0.182E-05 494.0   0.167E-05        
 498.0   0.153E-05 502.0   0.140E-05 506.0   0.128E-05 510.0   0.116E-05        
 514.0   0.105E-05 518.0   0.951E-06 522.0   0.858E-06 526.0   0.772E-06        
 530.0   0.692E-06 534.0   0.619E-06 538.0   0.552E-06 542.0   0.491E-06        
 546.0   0.435E-06 550.0   0.385E-06 554.0   0.339E-06 558.0   0.298E-06        
 562.0   0.261E-06 566.0   0.227E-06 570.0   0.197E-06 574.0   0.170E-06        
 578.0   0.146E-06 582.0   0.125E-06 586.0   0.106E-06 590.0   0.880E-07        
 594.0   0.720E-07 598.0   0.572E-07 602.0   0.465E-07 606.0   0.383E-07        
 610.0   0.292E-07 614.0   0.203E-07 618.0   0.121E-07 622.0   0.533E-08        
 626.0   0.163E-08 630.0   0.234E-09 634.0   0.000E+00 638.0   0.000E+00        
 642.0   0.000E+00 646.0   0.000E+00 650.0   0.000E+00 654.0   0.000E+00        
 658.0   0.000E+00 662.0   0.000E+00 666.0   0.000E+00 670.0   0.000E+00        
 674.0   0.000E+00 678.0   0.000E+00 682.0   0.000E+00 686.0   0.000E+00        
 690.0   0.000E+00 694.0   0.000E+00 698.0   0.000E+00 702.0   0.000E+00        
 706.0   0.000E+00 710.0   0.000E+00 714.0   0.000E+00 718.0   0.000E+00        
 722.0   0.000E+00 726.0   0.000E+00 730.0   0.000E+00 734.0   0.000E+00        
 738.0   0.000E+00 742.0   0.000E+00 746.0   0.000E+00 750.0   0.000E+00        
.30590D+01 .40000D+01  184                                                       
  18.0   0.000E+00  22.0   0.382E-07  26.0   0.888E-06  30.0   0.222E-05        
  34.0   0.390E-05  38.0   0.567E-05  42.0   0.759E-05  46.0   0.968E-05        
  50.0   0.119E-04  54.0   0.140E-04  58.0   0.161E-04  62.0   0.180E-04        
  66.0   0.198E-04  70.0   0.215E-04  74.0   0.230E-04  78.0   0.245E-04        
  82.0   0.259E-04  86.0   0.272E-04  90.0   0.285E-04  94.0   0.296E-04        
  98.0   0.308E-04 102.0   0.318E-04 106.0   0.329E-04 110.0   0.339E-04        
 114.0   0.349E-04 118.0   0.359E-04 122.0   0.369E-04 126.0   0.378E-04        
 130.0   0.387E-04 134.0   0.395E-04 138.0   0.403E-04 142.0   0.409E-04        
 146.0   0.415E-04 150.0   0.421E-04 154.0   0.427E-04 158.0   0.432E-04        
 162.0   0.437E-04 166.0   0.440E-04 170.0   0.442E-04 174.0   0.444E-04        
 178.0   0.446E-04 182.0   0.448E-04 186.0   0.449E-04 190.0   0.450E-04        
 194.0   0.451E-04 198.0   0.451E-04 202.0   0.449E-04 206.0   0.446E-04        
 210.0   0.442E-04 214.0   0.438E-04 218.0   0.433E-04 222.0   0.427E-04        
 226.0   0.421E-04 230.0   0.415E-04 234.0   0.407E-04 238.0   0.400E-04        
 242.0   0.392E-04 246.0   0.384E-04 250.0   0.375E-04 254.0   0.367E-04        
 258.0   0.358E-04 262.0   0.348E-04 266.0   0.339E-04 270.0   0.329E-04        
 274.0   0.319E-04 278.0   0.310E-04 282.0   0.300E-04 286.0   0.290E-04        
 290.0   0.280E-04 294.0   0.270E-04 298.0   0.261E-04 302.0   0.251E-04        
 306.0   0.243E-04 310.0   0.234E-04 314.0   0.226E-04 318.0   0.218E-04        
 322.0   0.210E-04 326.0   0.202E-04 330.0   0.194E-04 334.0   0.187E-04        
 338.0   0.180E-04 342.0   0.173E-04 346.0   0.166E-04 350.0   0.159E-04        
 354.0   0.153E-04 358.0   0.147E-04 362.0   0.141E-04 366.0   0.135E-04        
 370.0   0.129E-04 374.0   0.124E-04 378.0   0.119E-04 382.0   0.114E-04        
 386.0   0.109E-04 390.0   0.104E-04 394.0   0.998E-05 398.0   0.954E-05        
 402.0   0.911E-05 406.0   0.869E-05 410.0   0.828E-05 414.0   0.789E-05        
 418.0   0.751E-05 422.0   0.714E-05 426.0   0.679E-05 430.0   0.645E-05        
 434.0   0.612E-05 438.0   0.581E-05 442.0   0.551E-05 446.0   0.522E-05        
 450.0   0.494E-05 454.0   0.468E-05 458.0   0.443E-05 462.0   0.419E-05        
 466.0   0.396E-05 470.0   0.374E-05 474.0   0.354E-05 478.0   0.334E-05        
 482.0   0.315E-05 486.0   0.297E-05 490.0   0.280E-05 494.0   0.263E-05        
 498.0   0.248E-05 502.0   0.233E-05 506.0   0.218E-05 510.0   0.205E-05        
 514.0   0.192E-05 518.0   0.179E-05 522.0   0.167E-05 526.0   0.156E-05        
 530.0   0.145E-05 534.0   0.135E-05 538.0   0.126E-05 542.0   0.117E-05        
 546.0   0.108E-05 550.0   0.100E-05 554.0   0.925E-06 558.0   0.854E-06        
 562.0   0.787E-06 566.0   0.724E-06 570.0   0.664E-06 574.0   0.608E-06        
 578.0   0.556E-06 582.0   0.507E-06 586.0   0.460E-06 590.0   0.417E-06        
 594.0   0.376E-06 598.0   0.337E-06 602.0   0.290E-06 606.0   0.259E-06        
 610.0   0.233E-06 614.0   0.210E-06 618.0   0.189E-06 622.0   0.170E-06        
 626.0   0.151E-06 630.0   0.132E-06 634.0   0.115E-06 638.0   0.985E-07        
 642.0   0.835E-07 646.0   0.707E-07 650.0   0.597E-07 654.0   0.506E-07        
 658.0   0.430E-07 662.0   0.364E-07 666.0   0.305E-07 670.0   0.252E-07        
 674.0   0.202E-07 678.0   0.158E-07 682.0   0.120E-07 686.0   0.881E-08        
 690.0   0.612E-08 694.0   0.394E-08 698.0   0.220E-08 702.0   0.861E-09        
 706.0   0.487E-23 710.0   0.000E+00 714.0   0.000E+00 718.0   0.000E+00        
 722.0   0.000E+00 726.0   0.000E+00 730.0   0.000E+00 734.0   0.000E+00        
 738.0   0.000E+00 742.0   0.000E+00 746.0   0.000E+00 750.0   0.000E+00        
.33250D+01 .40000D+01  184                                                       
  18.0   0.000E+00  22.0   0.000E+00  26.0   0.362E-06  30.0   0.111E-05        
  34.0   0.203E-05  38.0   0.293E-05  42.0   0.384E-05  46.0   0.474E-05        
  50.0   0.563E-05  54.0   0.648E-05  58.0   0.730E-05  62.0   0.811E-05        
  66.0   0.896E-05  70.0   0.979E-05  74.0   0.106E-04  78.0   0.113E-04        
  82.0   0.120E-04  86.0   0.127E-04  90.0   0.134E-04  94.0   0.141E-04        
  98.0   0.149E-04 102.0   0.156E-04 106.0   0.163E-04 110.0   0.170E-04        
 114.0   0.177E-04 118.0   0.184E-04 122.0   0.190E-04 126.0   0.196E-04        
 130.0   0.202E-04 134.0   0.207E-04 138.0   0.213E-04 142.0   0.218E-04        
 146.0   0.224E-04 150.0   0.229E-04 154.0   0.234E-04 158.0   0.239E-04        
 162.0   0.242E-04 166.0   0.246E-04 170.0   0.249E-04 174.0   0.253E-04        
 178.0   0.256E-04 182.0   0.259E-04 186.0   0.262E-04 190.0   0.265E-04        
 194.0   0.267E-04 198.0   0.268E-04 202.0   0.270E-04 206.0   0.272E-04        
 210.0   0.274E-04 214.0   0.275E-04 218.0   0.276E-04 222.0   0.276E-04        
 226.0   0.275E-04 230.0   0.274E-04 234.0   0.272E-04 238.0   0.270E-04        
 242.0   0.268E-04 246.0   0.265E-04 250.0   0.262E-04 254.0   0.259E-04        
 258.0   0.255E-04 262.0   0.251E-04 266.0   0.247E-04 270.0   0.242E-04        
 274.0   0.237E-04 278.0   0.232E-04 282.0   0.227E-04 286.0   0.222E-04        
 290.0   0.217E-04 294.0   0.211E-04 298.0   0.205E-04 302.0   0.200E-04        
 306.0   0.195E-04 310.0   0.189E-04 314.0   0.184E-04 318.0   0.179E-04        
 322.0   0.174E-04 326.0   0.168E-04 330.0   0.163E-04 334.0   0.158E-04        
 338.0   0.153E-04 342.0   0.148E-04 346.0   0.143E-04 350.0   0.138E-04        
 354.0   0.133E-04 358.0   0.128E-04 362.0   0.124E-04 366.0   0.119E-04        
 370.0   0.115E-04 374.0   0.111E-04 378.0   0.107E-04 382.0   0.103E-04        
 386.0   0.986E-05 390.0   0.948E-05 394.0   0.911E-05 398.0   0.875E-05        
 402.0   0.840E-05 406.0   0.807E-05 410.0   0.775E-05 414.0   0.745E-05        
 418.0   0.715E-05 422.0   0.687E-05 426.0   0.659E-05 430.0   0.632E-05        
 434.0   0.607E-05 438.0   0.582E-05 442.0   0.558E-05 446.0   0.534E-05        
 450.0   0.512E-05 454.0   0.490E-05 458.0   0.469E-05 462.0   0.448E-05        
 466.0   0.428E-05 470.0   0.409E-05 474.0   0.391E-05 478.0   0.373E-05        
 482.0   0.356E-05 486.0   0.339E-05 490.0   0.323E-05 494.0   0.308E-05        
 498.0   0.293E-05 502.0   0.279E-05 506.0   0.265E-05 510.0   0.252E-05        
 514.0   0.239E-05 518.0   0.227E-05 522.0   0.215E-05 526.0   0.203E-05        
 530.0   0.192E-05 534.0   0.182E-05 538.0   0.172E-05 542.0   0.162E-05        
 546.0   0.153E-05 550.0   0.144E-05 554.0   0.136E-05 558.0   0.128E-05        
 562.0   0.120E-05 566.0   0.113E-05 570.0   0.105E-05 574.0   0.987E-06        
 578.0   0.923E-06 582.0   0.861E-06 586.0   0.802E-06 590.0   0.746E-06        
 594.0   0.692E-06 598.0   0.641E-06 602.0   0.562E-06 606.0   0.520E-06        
 610.0   0.482E-06 614.0   0.446E-06 618.0   0.413E-06 622.0   0.381E-06        
 626.0   0.352E-06 630.0   0.324E-06 634.0   0.297E-06 638.0   0.272E-06        
 642.0   0.249E-06 646.0   0.226E-06 650.0   0.205E-06 654.0   0.184E-06        
 658.0   0.165E-06 662.0   0.148E-06 666.0   0.132E-06 670.0   0.118E-06        
 674.0   0.106E-06 678.0   0.951E-07 682.0   0.849E-07 686.0   0.752E-07        
 690.0   0.654E-07 694.0   0.556E-07 698.0   0.465E-07 702.0   0.382E-07        
 706.0   0.312E-07 710.0   0.263E-07 714.0   0.226E-07 718.0   0.196E-07        
 722.0   0.170E-07 726.0   0.144E-07 730.0   0.114E-07 734.0   0.854E-08        
 738.0   0.581E-08 742.0   0.345E-08 746.0   0.163E-08 750.0   0.522E-09        
.35910D+01 .40000D+01  184                                                       
  18.0   0.000E+00  22.0   0.000E+00  26.0   0.111E-06  30.0   0.353E-06        
  34.0   0.641E-06  38.0   0.895E-06  42.0   0.115E-05  46.0   0.142E-05        
  50.0   0.172E-05  54.0   0.200E-05  58.0   0.225E-05  62.0   0.253E-05        
  66.0   0.289E-05  70.0   0.326E-05  74.0   0.359E-05  78.0   0.391E-05        
  82.0   0.424E-05  86.0   0.460E-05  90.0   0.499E-05  94.0   0.542E-05        
  98.0   0.584E-05 102.0   0.621E-05 106.0   0.656E-05 110.0   0.693E-05        
 114.0   0.732E-05 118.0   0.769E-05 122.0   0.802E-05 126.0   0.834E-05        
 130.0   0.872E-05 134.0   0.911E-05 138.0   0.948E-05 142.0   0.982E-05        
 146.0   0.102E-04 150.0   0.105E-04 154.0   0.108E-04 158.0   0.112E-04        
 162.0   0.116E-04 166.0   0.119E-04 170.0   0.122E-04 174.0   0.124E-04        
 178.0   0.127E-04 182.0   0.130E-04 186.0   0.132E-04 190.0   0.134E-04        
 194.0   0.135E-04 198.0   0.138E-04 202.0   0.140E-04 206.0   0.141E-04        
 210.0   0.143E-04 214.0   0.145E-04 218.0   0.146E-04 222.0   0.147E-04        
 226.0   0.149E-04 230.0   0.150E-04 234.0   0.151E-04 238.0   0.151E-04        
 242.0   0.152E-04 246.0   0.152E-04 250.0   0.153E-04 254.0   0.153E-04        
 258.0   0.153E-04 262.0   0.153E-04 266.0   0.153E-04 270.0   0.152E-04        
 274.0   0.152E-04 278.0   0.151E-04 282.0   0.150E-04 286.0   0.149E-04        
 290.0   0.148E-04 294.0   0.147E-04 298.0   0.145E-04 302.0   0.143E-04        
 306.0   0.141E-04 310.0   0.138E-04 314.0   0.135E-04 318.0   0.133E-04        
 322.0   0.130E-04 326.0   0.127E-04 330.0   0.124E-04 334.0   0.121E-04        
 338.0   0.117E-04 342.0   0.114E-04 346.0   0.111E-04 350.0   0.108E-04        
 354.0   0.105E-04 358.0   0.102E-04 362.0   0.993E-05 366.0   0.966E-05        
 370.0   0.939E-05 374.0   0.912E-05 378.0   0.885E-05 382.0   0.859E-05        
 386.0   0.834E-05 390.0   0.809E-05 394.0   0.784E-05 398.0   0.760E-05        
 402.0   0.736E-05 406.0   0.713E-05 410.0   0.691E-05 414.0   0.669E-05        
 418.0   0.647E-05 422.0   0.626E-05 426.0   0.606E-05 430.0   0.586E-05        
 434.0   0.566E-05 438.0   0.547E-05 442.0   0.528E-05 446.0   0.510E-05        
 450.0   0.492E-05 454.0   0.474E-05 458.0   0.457E-05 462.0   0.440E-05        
 466.0   0.424E-05 470.0   0.408E-05 474.0   0.393E-05 478.0   0.378E-05        
 482.0   0.363E-05 486.0   0.349E-05 490.0   0.335E-05 494.0   0.321E-05        
 498.0   0.308E-05 502.0   0.296E-05 506.0   0.284E-05 510.0   0.272E-05        
 514.0   0.261E-05 518.0   0.250E-05 522.0   0.240E-05 526.0   0.230E-05        
 530.0   0.220E-05 534.0   0.210E-05 538.0   0.201E-05 542.0   0.192E-05        
 546.0   0.184E-05 550.0   0.176E-05 554.0   0.168E-05 558.0   0.160E-05        
 562.0   0.152E-05 566.0   0.145E-05 570.0   0.138E-05 574.0   0.131E-05        
 578.0   0.125E-05 582.0   0.118E-05 586.0   0.112E-05 590.0   0.106E-05        
 594.0   0.100E-05 598.0   0.948E-06 602.0   0.859E-06 606.0   0.812E-06        
 610.0   0.764E-06 614.0   0.719E-06 618.0   0.674E-06 622.0   0.632E-06        
 626.0   0.593E-06 630.0   0.557E-06 634.0   0.523E-06 638.0   0.491E-06        
 642.0   0.461E-06 646.0   0.431E-06 650.0   0.402E-06 654.0   0.373E-06        
 658.0   0.346E-06 662.0   0.320E-06 666.0   0.295E-06 670.0   0.273E-06        
 674.0   0.253E-06 678.0   0.234E-06 682.0   0.216E-06 686.0   0.200E-06        
 690.0   0.184E-06 694.0   0.169E-06 698.0   0.155E-06 702.0   0.142E-06        
 706.0   0.130E-06 710.0   0.117E-06 714.0   0.105E-06 718.0   0.942E-07        
 722.0   0.840E-07 726.0   0.751E-07 730.0   0.674E-07 734.0   0.608E-07        
 738.0   0.549E-07 742.0   0.495E-07 746.0   0.442E-07 750.0   0.387E-07        
.38570D+01 .40000D+01  184                                                       
  18.0   0.000E+00  22.0   0.000E+00  26.0   0.787E-08  30.0   0.566E-07        
  34.0   0.111E-06  38.0   0.139E-06  42.0   0.168E-06  46.0   0.224E-06        
  50.0   0.304E-06  54.0   0.383E-06  58.0   0.450E-06  62.0   0.535E-06        
  66.0   0.675E-06  70.0   0.830E-06  74.0   0.970E-06  78.0   0.110E-05        
  82.0   0.123E-05  86.0   0.138E-05  90.0   0.155E-05  94.0   0.177E-05        
  98.0   0.200E-05 102.0   0.217E-05 106.0   0.232E-05 110.0   0.247E-05        
 114.0   0.265E-05 118.0   0.282E-05 122.0   0.296E-05 126.0   0.313E-05        
 130.0   0.337E-05 134.0   0.364E-05 138.0   0.386E-05 142.0   0.406E-05        
 146.0   0.427E-05 150.0   0.454E-05 154.0   0.479E-05 158.0   0.497E-05        
 162.0   0.512E-05 166.0   0.526E-05 170.0   0.540E-05 174.0   0.557E-05        
 178.0   0.576E-05 182.0   0.596E-05 186.0   0.616E-05 190.0   0.635E-05        
 194.0   0.651E-05 198.0   0.666E-05 202.0   0.680E-05 206.0   0.693E-05        
 210.0   0.706E-05 214.0   0.719E-05 218.0   0.731E-05 222.0   0.742E-05        
 226.0   0.753E-05 230.0   0.764E-05 234.0   0.774E-05 238.0   0.783E-05        
 242.0   0.792E-05 246.0   0.800E-05 250.0   0.808E-05 254.0   0.815E-05        
 258.0   0.821E-05 262.0   0.827E-05 266.0   0.832E-05 270.0   0.837E-05        
 274.0   0.841E-05 278.0   0.844E-05 282.0   0.847E-05 286.0   0.849E-05        
 290.0   0.850E-05 294.0   0.851E-05 298.0   0.851E-05 302.0   0.850E-05        
 306.0   0.848E-05 310.0   0.846E-05 314.0   0.843E-05 318.0   0.839E-05        
 322.0   0.835E-05 326.0   0.829E-05 330.0   0.824E-05 334.0   0.817E-05        
 338.0   0.810E-05 342.0   0.802E-05 346.0   0.793E-05 350.0   0.782E-05        
 354.0   0.771E-05 358.0   0.758E-05 362.0   0.745E-05 366.0   0.731E-05        
 370.0   0.717E-05 374.0   0.702E-05 378.0   0.687E-05 382.0   0.672E-05        
 386.0   0.656E-05 390.0   0.641E-05 394.0   0.625E-05 398.0   0.610E-05        
 402.0   0.594E-05 406.0   0.580E-05 410.0   0.566E-05 414.0   0.552E-05        
 418.0   0.538E-05 422.0   0.524E-05 426.0   0.511E-05 430.0   0.497E-05        
 434.0   0.484E-05 438.0   0.471E-05 442.0   0.457E-05 446.0   0.444E-05        
 450.0   0.432E-05 454.0   0.419E-05 458.0   0.407E-05 462.0   0.395E-05        
 466.0   0.383E-05 470.0   0.371E-05 474.0   0.359E-05 478.0   0.348E-05        
 482.0   0.337E-05 486.0   0.326E-05 490.0   0.315E-05 494.0   0.304E-05        
 498.0   0.294E-05 502.0   0.284E-05 506.0   0.275E-05 510.0   0.265E-05        
 514.0   0.256E-05 518.0   0.248E-05 522.0   0.239E-05 526.0   0.231E-05        
 530.0   0.223E-05 534.0   0.215E-05 538.0   0.207E-05 542.0   0.199E-05        
 546.0   0.192E-05 550.0   0.185E-05 554.0   0.178E-05 558.0   0.171E-05        
 562.0   0.165E-05 566.0   0.158E-05 570.0   0.152E-05 574.0   0.146E-05        
 578.0   0.140E-05 582.0   0.134E-05 586.0   0.128E-05 590.0   0.123E-05        
 594.0   0.118E-05 598.0   0.112E-05 602.0   0.104E-05 606.0   0.992E-06        
 610.0   0.946E-06 614.0   0.901E-06 618.0   0.858E-06 622.0   0.816E-06        
 626.0   0.776E-06 630.0   0.737E-06 634.0   0.700E-06 638.0   0.664E-06        
 642.0   0.629E-06 646.0   0.596E-06 650.0   0.565E-06 654.0   0.535E-06        
 658.0   0.506E-06 662.0   0.479E-06 666.0   0.451E-06 670.0   0.425E-06        
 674.0   0.399E-06 678.0   0.374E-06 682.0   0.350E-06 686.0   0.327E-06        
 690.0   0.306E-06 694.0   0.288E-06 698.0   0.270E-06 702.0   0.253E-06        
 706.0   0.237E-06 710.0   0.221E-06 714.0   0.205E-06 718.0   0.190E-06        
 722.0   0.176E-06 726.0   0.163E-06 730.0   0.151E-06 734.0   0.139E-06        
 738.0   0.129E-06 742.0   0.119E-06 746.0   0.109E-06 750.0   0.101E-06        
.41230D+01 .40000D+01  184                                                       
  18.0   0.563E-08  22.0   0.213E-08  26.0   0.367E-09  30.0   0.000E+00        
  34.0   0.000E+00  38.0   0.000E+00  42.0   0.000E+00  46.0   0.162E-08        
  50.0   0.640E-08  54.0   0.132E-07  58.0   0.226E-07  62.0   0.418E-07        
  66.0   0.861E-07  70.0   0.136E-06  74.0   0.172E-06  78.0   0.201E-06        
  82.0   0.233E-06  86.0   0.273E-06  90.0   0.330E-06  94.0   0.424E-06        
  98.0   0.522E-06 102.0   0.593E-06 106.0   0.652E-06 110.0   0.720E-06        
 114.0   0.798E-06 118.0   0.870E-06 122.0   0.924E-06 126.0   0.998E-06        
 130.0   0.114E-05 134.0   0.131E-05 138.0   0.143E-05 142.0   0.151E-05        
 146.0   0.161E-05 150.0   0.173E-05 154.0   0.185E-05 158.0   0.193E-05        
 162.0   0.200E-05 166.0   0.208E-05 170.0   0.216E-05 174.0   0.227E-05        
 178.0   0.239E-05 182.0   0.253E-05 186.0   0.267E-05 190.0   0.280E-05        
 194.0   0.291E-05 198.0   0.300E-05 202.0   0.309E-05 206.0   0.318E-05        
 210.0   0.328E-05 214.0   0.337E-05 218.0   0.346E-05 222.0   0.355E-05        
 226.0   0.364E-05 230.0   0.373E-05 234.0   0.381E-05 238.0   0.390E-05        
 242.0   0.398E-05 246.0   0.406E-05 250.0   0.414E-05 254.0   0.421E-05        
 258.0   0.428E-05 262.0   0.435E-05 266.0   0.442E-05 270.0   0.448E-05        
 274.0   0.454E-05 278.0   0.460E-05 282.0   0.465E-05 286.0   0.470E-05        
 290.0   0.475E-05 294.0   0.480E-05 298.0   0.483E-05 302.0   0.487E-05        
 306.0   0.489E-05 310.0   0.492E-05 314.0   0.493E-05 318.0   0.495E-05        
 322.0   0.496E-05 326.0   0.497E-05 330.0   0.497E-05 334.0   0.497E-05        
 338.0   0.497E-05 342.0   0.496E-05 346.0   0.495E-05 350.0   0.494E-05        
 354.0   0.492E-05 358.0   0.490E-05 362.0   0.488E-05 366.0   0.486E-05        
 370.0   0.483E-05 374.0   0.480E-05 378.0   0.477E-05 382.0   0.473E-05        
 386.0   0.469E-05 390.0   0.464E-05 394.0   0.459E-05 398.0   0.454E-05        
 402.0   0.448E-05 406.0   0.442E-05 410.0   0.434E-05 414.0   0.427E-05        
 418.0   0.419E-05 422.0   0.411E-05 426.0   0.403E-05 430.0   0.395E-05        
 434.0   0.387E-05 438.0   0.378E-05 442.0   0.370E-05 446.0   0.361E-05        
 450.0   0.353E-05 454.0   0.345E-05 458.0   0.337E-05 462.0   0.329E-05        
 466.0   0.321E-05 470.0   0.313E-05 474.0   0.306E-05 478.0   0.298E-05        
 482.0   0.291E-05 486.0   0.283E-05 490.0   0.276E-05 494.0   0.268E-05        
 498.0   0.261E-05 502.0   0.254E-05 506.0   0.247E-05 510.0   0.240E-05        
 514.0   0.233E-05 518.0   0.227E-05 522.0   0.220E-05 526.0   0.214E-05        
 530.0   0.207E-05 534.0   0.201E-05 538.0   0.195E-05 542.0   0.189E-05        
 546.0   0.183E-05 550.0   0.177E-05 554.0   0.171E-05 558.0   0.166E-05        
 562.0   0.160E-05 566.0   0.155E-05 570.0   0.150E-05 574.0   0.145E-05        
 578.0   0.140E-05 582.0   0.135E-05 586.0   0.130E-05 590.0   0.126E-05        
 594.0   0.121E-05 598.0   0.117E-05 602.0   0.109E-05 606.0   0.104E-05        
 610.0   0.100E-05 614.0   0.967E-06 618.0   0.930E-06 622.0   0.895E-06        
 626.0   0.859E-06 630.0   0.822E-06 634.0   0.786E-06 638.0   0.749E-06        
 642.0   0.714E-06 646.0   0.681E-06 650.0   0.650E-06 654.0   0.620E-06        
 658.0   0.592E-06 662.0   0.566E-06 666.0   0.540E-06 670.0   0.514E-06        
 674.0   0.490E-06 678.0   0.466E-06 682.0   0.442E-06 686.0   0.420E-06        
 690.0   0.398E-06 694.0   0.377E-06 698.0   0.357E-06 702.0   0.337E-06        
 706.0   0.319E-06 710.0   0.302E-06 714.0   0.286E-06 718.0   0.271E-06        
 722.0   0.256E-06 726.0   0.242E-06 730.0   0.227E-06 734.0   0.213E-06        
 738.0   0.199E-06 742.0   0.186E-06 746.0   0.174E-06 750.0   0.163E-06        
