!NAME: BENDER_MECHANICAL_ENTRANCE
!REGION: FULL
!OFFSET:        0.0000000000000000 (in meters)
!LENGTH:        1.1839000000000000 (canonical length in meters)
   1.000000      0.000000      0.000000      0.000000      0.000000     100000
  0.1183900      1.000000      0.000000      0.000000      0.000000     010000
   0.000000      0.000000      1.000000      0.000000      0.000000     001000
   0.000000      0.000000     0.1183900      1.000000      0.000000     000100
   0.000000      0.000000      0.000000      0.000000      1.000000     000010
   0.000000      0.000000      0.000000      0.000000    -0.5919500E-04 020000
   0.000000      0.000000      0.000000      0.000000    -0.5919500E-04 000200
 ------------------------------------------------------------------------------
!NAME: BENDER_MAGNETIC_ENTRANCE
!REGION: FULL
!OFFSET:        1.1839000000000000 (in meters)
!LENGTH:        0.2005999999999999 (canonical length in meters)
   1.000000      0.000000      0.000000      0.000000      0.000000     100000
  0.2006000E-01  1.000000      0.000000      0.000000      0.000000     010000
   0.000000      0.000000      1.000000      0.000000      0.000000     001000
   0.000000      0.000000     0.2006000E-01  1.000000      0.000000     000100
   0.000000      0.000000      0.000000      0.000000      1.000000     000010
   0.000000      0.000000      0.000000      0.000000    -0.1003000E-04 020000
   0.000000      0.000000      0.000000      0.000000    -0.1003000E-04 000200
 ------------------------------------------------------------------------------
!NAME: BENDER_MAGNETIC_EXIT
!REGION: FULL
!OFFSET:        1.3844999999999998 (in meters)
!LENGTH:        0.7513432613334228 (canonical length in meters)
  0.9992349    -0.2034873E-01  0.000000      0.000000      0.000000     100000
  0.7518103E-01 0.9992347      0.000000      0.000000      0.000000     010000
   0.000000      0.000000     0.9999998     0.5980550E-11 0.5238090E-01 001000
   0.000000      0.000000     0.7507191E-01  1.000000     0.1965800E-02 000100
   0.000000      0.000000      0.000000      0.000000      1.000000     000010
   0.000000      0.000000    -0.1966535E-01-0.5238091    -0.6241305E-03 000001
   0.000000      0.000000    -0.5326942E-06 0.5505299E-08-0.1018549E-04 200000
   0.000000      0.000000     0.5234025E-04-0.5326385E-06 0.1372502E-05 110000
   0.000000      0.000000     0.2951904E-05 0.2617042E-04-0.3758324E-04 020000
  0.5330345E-06  0.000000      0.000000      0.000000      0.000000     101000
 -0.5234082E-04 0.5328502E-06  0.000000      0.000000      0.000000     011000
  0.5242033E-04-0.4603596E-09  0.000000      0.000000      0.000000     100100
 -0.1965029E-05-0.5238034E-04  0.000000      0.000000      0.000000     010100
   0.000000      0.000000    -0.5238090E-04  0.000000    -0.1371642E-05 001100
  0.1581869E-05 0.4067622E-03  0.000000      0.000000      0.000000     100001
 -0.3108876E-06 0.2902868E-04  0.000000      0.000000      0.000000     010001
   0.000000      0.000000     0.1372117E-04  0.000000      0.000000     001001
   0.000000      0.000000    -0.9825339E-06 0.2619046E-04-0.3749380E-04 000200
   0.000000      0.000000     0.1872629E-05-0.1372118E-04 0.1966534E-04 000101
   0.000000      0.000000     0.1962979E-03 0.5241685E-02 0.4213660E-05 000002
 -0.2778413E-06-0.7389010E-05  0.000000      0.000000      0.000000     300000
 -0.3854633E-07-0.8328861E-06  0.000000      0.000000      0.000000     210000
 -0.3281792E-08-0.5454718E-07  0.000000      0.000000      0.000000     120000
 -0.9639927E-10-0.1952649E-08  0.000000      0.000000      0.000000     030000
   0.000000      0.000000     0.1290014E-13 0.1024003E-11 0.5429682E-11 201000
   0.000000      0.000000     0.4182169E-10-0.4467914E-12 0.8051626E-12 111000
   0.000000      0.000000    -0.2056110E-08 0.1395597E-10 0.2613447E-07 021000
 -0.1395801E-10  0.000000      0.000000      0.000000      0.000000     012000
   0.000000      0.000000     0.5084649E-07 0.2071005E-09 0.1865474E-08 200100
   0.000000      0.000000     0.1686918E-08-0.2031919E-07-0.1047912E-06 110100
   0.000000      0.000000     0.5906195E-10-0.1450533E-08-0.1964920E-08 020100
 -0.1394651E-10  0.000000      0.000000      0.000000      0.000000     101100
  0.1370020E-08-0.1394080E-10  0.000000      0.000000      0.000000     011100
   0.000000      0.000000     0.2664408E-08-0.3261618E-09 0.2031983E-06 200001
   0.000000      0.000000    -0.5233895E-06 0.2128962E-07 0.1367075E-07 110001
   0.000000      0.000000    -0.2955815E-07-0.2611031E-06 0.1555415E-08 020001
 -0.1065513E-07  0.000000      0.000000      0.000000      0.000000     101001
 -0.8018283E-09-0.1065144E-07  0.000000      0.000000      0.000000     011001
 -0.2372159E-09-0.6102707E-07  0.000000      0.000000      0.000000     100200
  0.1698873E-09-0.1609699E-08  0.000000      0.000000      0.000000     010200
   0.000000      0.000000     0.6855835E-09  0.000000     0.2622637E-07 001200
 -0.5248255E-06 0.3730516E-07  0.000000      0.000000      0.000000     100101
 -0.1982775E-07 0.1585806E-08  0.000000      0.000000      0.000000     010101
   0.000000      0.000000     0.1244474E-12  0.000000    -0.1372117E-07 001101
  0.4500658E-07-0.6103463E-05  0.000000      0.000000      0.000000     100002
  0.9849559E-08-0.3673026E-06  0.000000      0.000000      0.000000     010002
   0.000000      0.000000    -0.1373058E-06  0.000000     0.3593637E-08 001002
   0.000000      0.000000    -0.1358016E-09 0.6862962E-09-0.1470319E-11 000300
   0.000000      0.000000    -0.2940234E-07-0.7864329E-06-0.2294426E-08 000201
   0.000000      0.000000    -0.1267486E-07 0.5490583E-06-0.1956969E-06 000102
   0.000000      0.000000    -0.1959662E-05-0.5252470E-04-0.2200368E-07 000003
 ------------------------------------------------------------------------------
!NAME: BENDER_MECHANICAL_EXIT
!REGION: FULL
!OFFSET:        2.1358432613334228 (in meters)
!LENGTH:        0.2005999999999999 (canonical length in meters)
   1.000000      0.000000      0.000000      0.000000      0.000000     100000
  0.2006000E-01  1.000000      0.000000      0.000000      0.000000     010000
   0.000000      0.000000      1.000000      0.000000      0.000000     001000
   0.000000      0.000000     0.2006000E-01  1.000000      0.000000     000100
   0.000000      0.000000      0.000000      0.000000      1.000000     000010
   0.000000      0.000000      0.000000      0.000000    -0.1003000E-04 020000
   0.000000      0.000000      0.000000      0.000000    -0.1003000E-04 000200
 ------------------------------------------------------------------------------
!NAME: Q1_MECHANICAL_ENTRANCE
!REGION: FULL
!OFFSET:        2.3364432613334229 (in meters)
!LENGTH:        0.5838999999999999 (canonical length in meters)
   1.000000      0.000000      0.000000      0.000000      0.000000     100000
  0.5839000E-01  1.000000      0.000000      0.000000      0.000000     010000
   0.000000      0.000000      1.000000      0.000000      0.000000     001000
   0.000000      0.000000     0.5839000E-01  1.000000      0.000000     000100
   0.000000      0.000000      0.000000      0.000000      1.000000     000010
   0.000000      0.000000      0.000000      0.000000    -0.2919500E-04 020000
   0.000000      0.000000      0.000000      0.000000    -0.2919500E-04 000200
 ------------------------------------------------------------------------------
!NAME: Q1_MAGNETIC_ENTRANCE
!REGION: FULL
!OFFSET:        2.9203432613334228 (in meters)
!LENGTH:        0.2805000000000000 (canonical length in meters)
   1.000000      0.000000      0.000000      0.000000      0.000000     100000
  0.2805000E-01  1.000000      0.000000      0.000000      0.000000     010000
   0.000000      0.000000      1.000000      0.000000      0.000000     001000
   0.000000      0.000000     0.2805000E-01  1.000000      0.000000     000100
   0.000000      0.000000      0.000000      0.000000      1.000000     000010
   0.000000      0.000000      0.000000      0.000000    -0.1402500E-04 020000
   0.000000      0.000000      0.000000      0.000000    -0.1402500E-04 000200
 ------------------------------------------------------------------------------
!NAME: Q1_MID
!REGION: FRONT
!OFFSET:        3.2008432613334228 (in meters)
!LENGTH:        0.9395000000000000 (canonical length in meters)
  0.8994969     -2.010357      0.000000      0.000000      0.000000     100000
  0.9137238E-01 0.9075172      0.000000      0.000000      0.000000     010000
   0.000000      0.000000      1.104427      2.163274      0.000000     001000
   0.000000      0.000000     0.9654856E-01  1.094560      0.000000     000100
   0.000000      0.000000      0.000000      0.000000      1.000000     000010
   0.000000      0.000000      0.000000      0.000000    -0.6550584E-04 200000
   0.000000      0.000000      0.000000      0.000000     0.9627834E-04 110000
   0.000000      0.000000      0.000000      0.000000    -0.4447388E-04 020000
   0.000000      0.000000      0.000000      0.000000    -0.7188066E-04 002000
   0.000000      0.000000      0.000000      0.000000    -0.1089253E-03 001100
  0.9857292E-03 0.1935699E-01  0.000000      0.000000      0.000000     100001
  0.2566958E-04 0.9144254E-03  0.000000      0.000000      0.000000     010001
   0.000000      0.000000    -0.1064201E-02-0.2241554E-01  0.000000     001001
   0.000000      0.000000      0.000000      0.000000    -0.4965200E-04 000200
   0.000000      0.000000    -0.2608831E-04-0.9559652E-03  0.000000     000101
  0.1688555E-05-0.6087971E-05  0.000000      0.000000      0.000000     300000
 -0.3137548E-06 0.4747852E-06  0.000000      0.000000      0.000000     210000
 -0.1294898E-06-0.2388235E-05  0.000000      0.000000      0.000000     120000
 -0.3884759E-08-0.1266983E-06  0.000000      0.000000      0.000000     030000
   0.000000      0.000000    -0.5533766E-05-0.1799420E-05  0.000000     201000
   0.000000      0.000000    -0.1203247E-05-0.1612677E-04  0.000000     111000
   0.000000      0.000000     0.5120679E-07 0.9317597E-06  0.000000     021000
  0.5350410E-05-0.1093021E-04  0.000000      0.000000      0.000000     102000
 -0.4366757E-06-0.2931145E-05  0.000000      0.000000      0.000000     012000
   0.000000      0.000000    -0.1796533E-05 0.3015908E-05  0.000000     003000
   0.000000      0.000000     0.6090050E-06 0.8349600E-05  0.000000     200100
   0.000000      0.000000    -0.1067910E-06-0.2078402E-05  0.000000     110100
   0.000000      0.000000    -0.1572472E-08-0.5224142E-07  0.000000     020100
  0.8711281E-06 0.5435745E-05  0.000000      0.000000      0.000000     101100
  0.1066106E-06 0.2067402E-05  0.000000      0.000000      0.000000     011100
   0.000000      0.000000     0.7754949E-06 0.1400729E-04  0.000000     002100
   0.000000      0.000000      0.000000      0.000000     0.1279628E-05 200001
   0.000000      0.000000      0.000000      0.000000    -0.9025708E-06 110001
   0.000000      0.000000      0.000000      0.000000    -0.2414918E-07 020001
   0.000000      0.000000      0.000000      0.000000     0.1470910E-05 002001
 -0.5579566E-07-0.1161834E-05  0.000000      0.000000      0.000000     100200
  0.1427447E-08 0.4517754E-07  0.000000      0.000000      0.000000     010200
   0.000000      0.000000     0.1663735E-06 0.3997749E-05  0.000000     001200
   0.000000      0.000000      0.000000      0.000000     0.1155579E-05 001101
 -0.9665834E-05-0.1861930E-03  0.000000      0.000000      0.000000     100002
 -0.2556201E-06-0.9040150E-05  0.000000      0.000000      0.000000     010002
   0.000000      0.000000     0.1084296E-04 0.2320756E-03  0.000000     001002
   0.000000      0.000000     0.4438856E-08 0.1598931E-06  0.000000     000300
   0.000000      0.000000      0.000000      0.000000     0.2766678E-07 000201
   0.000000      0.000000     0.2619003E-06 0.9663203E-05  0.000000     000102
 ------------------------------------------------------------------------------
!NAME: Q1_MAGNETIC_EXIT
!REGION: BACK
!OFFSET:        4.1403432613334230 (in meters)
!LENGTH:        0.9394999999999998 (canonical length in meters)
  0.9075172     -2.010357      0.000000      0.000000      0.000000     100000
  0.9137238E-01 0.8994969      0.000000      0.000000      0.000000     010000
   0.000000      0.000000      1.094560      2.163274      0.000000     001000
   0.000000      0.000000     0.9654856E-01  1.104427      0.000000     000100
   0.000000      0.000000      0.000000      0.000000      1.000000     000010
   0.000000      0.000000      0.000000      0.000000    -0.5803915E-04 200000
   0.000000      0.000000      0.000000      0.000000     0.8907400E-04 110000
   0.000000      0.000000      0.000000      0.000000    -0.4444352E-04 020000
   0.000000      0.000000      0.000000      0.000000    -0.6055969E-04 002000
   0.000000      0.000000      0.000000      0.000000    -0.9802152E-04 001100
  0.9144254E-03 0.1935699E-01  0.000000      0.000000      0.000000     100001
  0.2566958E-04 0.9857292E-03  0.000000      0.000000      0.000000     010001
   0.000000      0.000000    -0.9559652E-03-0.2241554E-01  0.000000     001001
   0.000000      0.000000      0.000000      0.000000    -0.4961868E-04 000200
   0.000000      0.000000    -0.2608831E-04-0.1064201E-02  0.000000     000101
 -0.1452615E-05-0.1171634E-04  0.000000      0.000000      0.000000     300000
 -0.2240695E-06 0.7956855E-05  0.000000      0.000000      0.000000     210000
 -0.1708695E-06-0.1587154E-05  0.000000      0.000000      0.000000     120000
 -0.5642939E-08-0.8949346E-07  0.000000      0.000000      0.000000     030000
   0.000000      0.000000     0.5085435E-05-0.2276699E-04  0.000000     201000
   0.000000      0.000000     0.9091984E-06 0.2621969E-05  0.000000     111000
   0.000000      0.000000     0.9378524E-07 0.1857815E-05  0.000000     021000
 -0.6072055E-05-0.3610710E-04  0.000000      0.000000      0.000000     102000
 -0.5551198E-06 0.6191035E-05  0.000000      0.000000      0.000000     012000
   0.000000      0.000000     0.2592594E-05-0.7200083E-05  0.000000     003000
   0.000000      0.000000     0.4954827E-06-0.4314041E-05  0.000000     200100
   0.000000      0.000000    -0.3450016E-09-0.2338887E-05  0.000000     110100
   0.000000      0.000000     0.3373494E-08-0.1129629E-07  0.000000     020100
 -0.1166423E-05-0.2037130E-04  0.000000      0.000000      0.000000     101100
 -0.1831259E-07 0.1778272E-05  0.000000      0.000000      0.000000     011100
   0.000000      0.000000     0.8812547E-06-0.1598296E-05  0.000000     002100
   0.000000      0.000000      0.000000      0.000000     0.1147927E-05 200001
   0.000000      0.000000      0.000000      0.000000    -0.8465495E-06 110001
   0.000000      0.000000      0.000000      0.000000    -0.2474234E-07 020001
   0.000000      0.000000      0.000000      0.000000     0.1223510E-05 002001
 -0.9294895E-07-0.2319557E-05  0.000000      0.000000      0.000000     100200
 -0.3657447E-08-0.1223600E-07  0.000000      0.000000      0.000000     010200
   0.000000      0.000000     0.2239046E-06 0.2686504E-05  0.000000     001200
   0.000000      0.000000      0.000000      0.000000     0.1025422E-05 001101
 -0.9040150E-05-0.1861930E-03  0.000000      0.000000      0.000000     100002
 -0.2556201E-06-0.9665834E-05  0.000000      0.000000      0.000000     010002
   0.000000      0.000000     0.9663203E-05 0.2320756E-03  0.000000     001002
   0.000000      0.000000     0.6605586E-08 0.1171241E-06  0.000000     000300
   0.000000      0.000000      0.000000      0.000000     0.2698476E-07 000201
   0.000000      0.000000     0.2619003E-06 0.1084296E-04  0.000000     000102
 ------------------------------------------------------------------------------
!NAME: Q1_MECHANICAL_EXIT
!REGION: FULL
!OFFSET:        5.0798432613334228 (in meters)
!LENGTH:        0.2805000000000000 (canonical length in meters)
   1.000000      0.000000      0.000000      0.000000      0.000000     100000
  0.2805000E-01  1.000000      0.000000      0.000000      0.000000     010000
   0.000000      0.000000      1.000000      0.000000      0.000000     001000
   0.000000      0.000000     0.2805000E-01  1.000000      0.000000     000100
   0.000000      0.000000      0.000000      0.000000      1.000000     000010
   0.000000      0.000000      0.000000      0.000000    -0.1402500E-04 020000
   0.000000      0.000000      0.000000      0.000000    -0.1402500E-04 000200
 ------------------------------------------------------------------------------
!NAME: Q2_MECHANICAL_ENTRANCE
!REGION: FULL
!OFFSET:        5.3603432613334228 (in meters)
!LENGTH:        0.2555000000000001 (canonical length in meters)
   1.000000      0.000000      0.000000      0.000000      0.000000     100000
  0.2555000E-01  1.000000      0.000000      0.000000      0.000000     010000
   0.000000      0.000000      1.000000      0.000000      0.000000     001000
   0.000000      0.000000     0.2555000E-01  1.000000      0.000000     000100
   0.000000      0.000000      0.000000      0.000000      1.000000     000010
   0.000000      0.000000      0.000000      0.000000    -0.1277500E-04 020000
   0.000000      0.000000      0.000000      0.000000    -0.1277500E-04 000200
 ------------------------------------------------------------------------------
!NAME: Q2_MAGNETIC_ENTRANCE
!REGION: FULL
!OFFSET:        5.6158432613334224 (in meters)
!LENGTH:        0.3645000000000002 (canonical length in meters)
   1.000000      0.000000      0.000000      0.000000      0.000000     100000
  0.3645000E-01  1.000000      0.000000      0.000000      0.000000     010000
   0.000000      0.000000      1.000000      0.000000      0.000000     001000
   0.000000      0.000000     0.3645000E-01  1.000000      0.000000     000100
   0.000000      0.000000      0.000000      0.000000      1.000000     000010
   0.000000      0.000000      0.000000      0.000000    -0.1822500E-04 020000
   0.000000      0.000000      0.000000      0.000000    -0.1822500E-04 000200
 ------------------------------------------------------------------------------
!NAME: Q2_MID
!REGION: FRONT
!OFFSET:        5.9803432613334229 (in meters)
!LENGTH:        0.8200000000000000 (canonical length in meters)
   1.129862      2.899641      0.000000      0.000000      0.000000     100000
  0.8371714E-01  1.099913      0.000000      0.000000      0.000000     010000
   0.000000      0.000000     0.8766974     -2.630105      0.000000     001000
   0.000000      0.000000     0.8021247E-01 0.9000058      0.000000     000100
   0.000000      0.000000      0.000000      0.000000      1.000000     000010
   0.000000      0.000000      0.000000      0.000000    -0.1145172E-03 200000
   0.000000      0.000000      0.000000      0.000000    -0.1348740E-03 110000
   0.000000      0.000000      0.000000      0.000000    -0.4278774E-04 020000
   0.000000      0.000000      0.000000      0.000000    -0.1007541E-03 002000
   0.000000      0.000000      0.000000      0.000000     0.1185491E-03 001100
 -0.1332149E-02-0.3038809E-01  0.000000      0.000000      0.000000     100001
 -0.1680078E-04-0.9978857E-03  0.000000      0.000000      0.000000     010001
   0.000000      0.000000     0.1200951E-02 0.2499667E-01  0.000000     001001
   0.000000      0.000000      0.000000      0.000000    -0.3928521E-04 000200
   0.000000      0.000000     0.1820877E-04 0.9995362E-03  0.000000     000101
 -0.2624575E-05 0.1044851E-04  0.000000      0.000000      0.000000     300000
  0.1106559E-05 0.2398972E-04  0.000000      0.000000      0.000000     210000
  0.1936030E-06 0.5431318E-05  0.000000      0.000000      0.000000     120000
  0.3590576E-08 0.1733823E-06  0.000000      0.000000      0.000000     030000
   0.000000      0.000000     0.8437633E-05-0.1731326E-04  0.000000     201000
   0.000000      0.000000     0.1118052E-05 0.7155839E-05  0.000000     111000
   0.000000      0.000000    -0.7137334E-07-0.1513058E-05  0.000000     021000
 -0.7961197E-05 0.4384371E-05  0.000000      0.000000      0.000000     102000
  0.8284484E-06 0.1326233E-04  0.000000      0.000000      0.000000     012000
   0.000000      0.000000     0.2539597E-05-0.1113372E-04  0.000000     003000
   0.000000      0.000000    -0.5530416E-06-0.3791664E-05  0.000000     200100
   0.000000      0.000000     0.1396800E-06 0.2725812E-05  0.000000     110100
   0.000000      0.000000     0.1294763E-08 0.5060924E-07  0.000000     020100
 -0.1627333E-05-0.2537063E-04  0.000000      0.000000      0.000000     101100
 -0.1391364E-06-0.2747759E-05  0.000000      0.000000      0.000000     011100
   0.000000      0.000000    -0.3608373E-06 0.2040698E-05  0.000000     002100
   0.000000      0.000000      0.000000      0.000000     0.2363376E-05 200001
   0.000000      0.000000      0.000000      0.000000     0.1433655E-05 110001
   0.000000      0.000000      0.000000      0.000000     0.1820110E-07 020001
   0.000000      0.000000      0.000000      0.000000     0.1950336E-05 002001
  0.6837298E-07 0.1252581E-05  0.000000      0.000000      0.000000     100200
 -0.1536358E-08-0.6176990E-07  0.000000      0.000000      0.000000     010200
   0.000000      0.000000    -0.1483116E-06-0.3047967E-05  0.000000     001200
   0.000000      0.000000      0.000000      0.000000    -0.1107194E-05 001101
  0.1366047E-04 0.3180213E-03  0.000000      0.000000      0.000000     100002
  0.1642062E-06 0.9962152E-05  0.000000      0.000000      0.000000     010002
   0.000000      0.000000    -0.1169234E-04-0.2371360E-03  0.000000     001002
   0.000000      0.000000    -0.3266064E-08-0.1407623E-06  0.000000     000300
   0.000000      0.000000      0.000000      0.000000    -0.1674431E-07 000201
   0.000000      0.000000    -0.1853325E-06-0.9987348E-05  0.000000     000102
 ------------------------------------------------------------------------------
!NAME: Q2_MAGNETIC_EXIT
!REGION: BACK
!OFFSET:        6.8003432613334232 (in meters)
!LENGTH:        0.8199999999999998 (canonical length in meters)
   1.099913      2.899641      0.000000      0.000000      0.000000     100000
  0.8371714E-01  1.129862      0.000000      0.000000      0.000000     010000
   0.000000      0.000000     0.9000058     -2.630105      0.000000     001000
   0.000000      0.000000     0.8021247E-01 0.8766974      0.000000     000100
   0.000000      0.000000      0.000000      0.000000      1.000000     000010
   0.000000      0.000000      0.000000      0.000000    -0.6813902E-04 200000
   0.000000      0.000000      0.000000      0.000000    -0.1010965E-03 110000
   0.000000      0.000000      0.000000      0.000000    -0.4266735E-04 020000
   0.000000      0.000000      0.000000      0.000000    -0.7274684E-04 002000
   0.000000      0.000000      0.000000      0.000000     0.9809182E-04 001100
 -0.9978857E-03-0.3038809E-01  0.000000      0.000000      0.000000     100001
 -0.1680078E-04-0.1332149E-02  0.000000      0.000000      0.000000     010001
   0.000000      0.000000     0.9995362E-03 0.2499667E-01  0.000000     001001
   0.000000      0.000000      0.000000      0.000000    -0.3917942E-04 000200
   0.000000      0.000000     0.1820877E-04 0.1200951E-02  0.000000     000101
  0.4207833E-05-0.1095508E-04  0.000000      0.000000      0.000000     300000
  0.1250185E-05-0.7066293E-06  0.000000      0.000000      0.000000     210000
  0.2609971E-06 0.3817935E-05  0.000000      0.000000      0.000000     120000
  0.6537943E-08 0.1504638E-06  0.000000      0.000000      0.000000     030000
   0.000000      0.000000    -0.9071656E-05-0.6754673E-04  0.000000     201000
   0.000000      0.000000    -0.1467272E-05-0.3234933E-04  0.000000     111000
   0.000000      0.000000    -0.9533284E-07-0.3093483E-05  0.000000     021000
  0.7615384E-05-0.3780995E-04  0.000000      0.000000      0.000000     102000
  0.6206278E-06-0.5919878E-05  0.000000      0.000000      0.000000     012000
   0.000000      0.000000    -0.2119762E-05-0.2192293E-04  0.000000     003000
   0.000000      0.000000    -0.7664666E-06 0.9727552E-05  0.000000     200100
   0.000000      0.000000    -0.3806896E-07 0.2297599E-05  0.000000     110100
   0.000000      0.000000    -0.4342400E-08-0.1649193E-07  0.000000     020100
  0.1251917E-05 0.2836488E-05  0.000000      0.000000      0.000000     101100
  0.1409367E-07-0.3129312E-05  0.000000      0.000000      0.000000     011100
   0.000000      0.000000    -0.2299011E-06 0.1253385E-04  0.000000     002100
   0.000000      0.000000      0.000000      0.000000     0.1333345E-05 200001
   0.000000      0.000000      0.000000      0.000000     0.1017535E-05 110001
   0.000000      0.000000      0.000000      0.000000     0.1571513E-07 020001
   0.000000      0.000000      0.000000      0.000000     0.1472000E-05 002001
  0.1038213E-06 0.2439565E-05  0.000000      0.000000      0.000000     100200
  0.4247639E-08-0.1495986E-07  0.000000      0.000000      0.000000     010200
   0.000000      0.000000    -0.1951546E-06-0.1931663E-05  0.000000     001200
   0.000000      0.000000      0.000000      0.000000    -0.9583088E-06 001101
  0.9962152E-05 0.3180213E-03  0.000000      0.000000      0.000000     100002
  0.1642062E-06 0.1366047E-04  0.000000      0.000000      0.000000     010002
   0.000000      0.000000    -0.9987348E-05-0.2371360E-03  0.000000     001002
   0.000000      0.000000    -0.5611770E-08-0.1061755E-06  0.000000     000300
   0.000000      0.000000      0.000000      0.000000    -0.1879221E-07 000201
   0.000000      0.000000    -0.1853325E-06-0.1169234E-04  0.000000     000102
 ------------------------------------------------------------------------------
!NAME: Q2_MECHANICAL_EXIT
!REGION: FULL
!OFFSET:        7.6203432613334225 (in meters)
!LENGTH:        0.3645000000000002 (canonical length in meters)
   1.000000      0.000000      0.000000      0.000000      0.000000     100000
  0.3645000E-01  1.000000      0.000000      0.000000      0.000000     010000
   0.000000      0.000000      1.000000      0.000000      0.000000     001000
   0.000000      0.000000     0.3645000E-01  1.000000      0.000000     000100
   0.000000      0.000000      0.000000      0.000000      1.000000     000010
   0.000000      0.000000      0.000000      0.000000    -0.1822500E-04 020000
   0.000000      0.000000      0.000000      0.000000    -0.1822500E-04 000200
 ------------------------------------------------------------------------------
!NAME: Q3_MECHANICAL_ENTRANCE
!REGION: FULL
!OFFSET:        7.9848432613334230 (in meters)
!LENGTH:        0.2809999999999993 (canonical length in meters)
   1.000000      0.000000      0.000000      0.000000      0.000000     100000
  0.2810000E-01  1.000000      0.000000      0.000000      0.000000     010000
   0.000000      0.000000      1.000000      0.000000      0.000000     001000
   0.000000      0.000000     0.2810000E-01  1.000000      0.000000     000100
   0.000000      0.000000      0.000000      0.000000      1.000000     000010
   0.000000      0.000000      0.000000      0.000000    -0.1405000E-04 020000
   0.000000      0.000000      0.000000      0.000000    -0.1405000E-04 000200
 ------------------------------------------------------------------------------
!NAME: Q3_MAGNETIC_ENTRANCE
!REGION: FULL
!OFFSET:        8.2658432613334227 (in meters)
!LENGTH:        0.3645000000000002 (canonical length in meters)
   1.000000      0.000000      0.000000      0.000000      0.000000     100000
  0.3645000E-01  1.000000      0.000000      0.000000      0.000000     010000
   0.000000      0.000000      1.000000      0.000000      0.000000     001000
   0.000000      0.000000     0.3645000E-01  1.000000      0.000000     000100
   0.000000      0.000000      0.000000      0.000000      1.000000     000010
   0.000000      0.000000      0.000000      0.000000    -0.1822500E-04 020000
   0.000000      0.000000      0.000000      0.000000    -0.1822500E-04 000200
 ------------------------------------------------------------------------------
!NAME: Q3_MID
!REGION: FRONT
!OFFSET:        8.6303432613334223 (in meters)
!LENGTH:        0.8200000000000000 (canonical length in meters)
  0.9177159     -1.769152      0.000000      0.000000      0.000000     100000
  0.8082511E-01 0.9338490      0.000000      0.000000      0.000000     010000
   0.000000      0.000000      1.085154      1.887083      0.000000     001000
   0.000000      0.000000     0.8314410E-01  1.066116      0.000000     000100
   0.000000      0.000000      0.000000      0.000000      1.000000     000010
   0.000000      0.000000      0.000000      0.000000    -0.4505552E-04 200000
   0.000000      0.000000      0.000000      0.000000     0.8018469E-04 110000
   0.000000      0.000000      0.000000      0.000000    -0.3985679E-04 020000
   0.000000      0.000000      0.000000      0.000000    -0.4903793E-04 002000
   0.000000      0.000000      0.000000      0.000000    -0.8732837E-04 001100
  0.8087000E-03 0.1711443E-01  0.000000      0.000000      0.000000     100001
  0.1189752E-04 0.6614505E-03  0.000000      0.000000      0.000000     010001
   0.000000      0.000000    -0.8661031E-03-0.1947319E-01  0.000000     001001
   0.000000      0.000000      0.000000      0.000000    -0.4217516E-04 000200
   0.000000      0.000000    -0.1128159E-04-0.6607391E-03  0.000000     000101
  0.1767348E-05-0.3669637E-05  0.000000      0.000000      0.000000     300000
 -0.3066659E-06-0.6578474E-06  0.000000      0.000000      0.000000     210000
 -0.1027884E-06-0.2248107E-05  0.000000      0.000000      0.000000     120000
 -0.2196749E-08-0.9659656E-07  0.000000      0.000000      0.000000     030000
   0.000000      0.000000    -0.5401231E-05 0.4079360E-06  0.000000     201000
   0.000000      0.000000    -0.1022716E-05-0.1496203E-04  0.000000     111000
   0.000000      0.000000     0.4557601E-07 0.8570430E-06  0.000000     021000
  0.5612679E-05-0.5873223E-05  0.000000      0.000000      0.000000     102000
 -0.3965608E-06-0.3523945E-05  0.000000      0.000000      0.000000     012000
   0.000000      0.000000    -0.1816940E-05 0.2540912E-05  0.000000     003000
   0.000000      0.000000     0.5172167E-06 0.7679310E-05  0.000000     200100
   0.000000      0.000000    -0.9224860E-07-0.1824509E-05  0.000000     110100
   0.000000      0.000000    -0.9912712E-09-0.3977764E-07  0.000000     020100
  0.7997661E-06 0.6987047E-05  0.000000      0.000000      0.000000     101100
  0.9249328E-07 0.1815466E-05  0.000000      0.000000      0.000000     011100
   0.000000      0.000000     0.6319656E-06 0.1196068E-04  0.000000     002100
   0.000000      0.000000      0.000000      0.000000     0.8819819E-06 200001
   0.000000      0.000000      0.000000      0.000000    -0.7670906E-06 110001
   0.000000      0.000000      0.000000      0.000000    -0.1126101E-07 020001
   0.000000      0.000000      0.000000      0.000000     0.1001473E-05 002001
 -0.4689209E-07-0.9712867E-06  0.000000      0.000000      0.000000     100200
  0.8855011E-09 0.3489150E-07  0.000000      0.000000      0.000000     010200
   0.000000      0.000000     0.1226011E-06 0.3289711E-05  0.000000     001200
   0.000000      0.000000      0.000000      0.000000     0.9099570E-06 001101
 -0.7946632E-05-0.1654356E-03  0.000000      0.000000      0.000000     100002
 -0.1204351E-06-0.6612749E-05  0.000000      0.000000      0.000000     010002
   0.000000      0.000000     0.8807712E-05 0.2008196E-03  0.000000     001002
   0.000000      0.000000     0.2338876E-08 0.1108776E-06  0.000000     000300
   0.000000      0.000000      0.000000      0.000000     0.1189953E-07 000201
   0.000000      0.000000     0.1111949E-06 0.6601994E-05  0.000000     000102
 ------------------------------------------------------------------------------
!NAME: Q3_MAGNETIC_EXIT
!REGION: BACK
!OFFSET:        9.4503432613334226 (in meters)
!LENGTH:        0.8199999999999998 (canonical length in meters)
  0.9338490     -1.769152      0.000000      0.000000      0.000000     100000
  0.8082511E-01 0.9177159      0.000000      0.000000      0.000000     010000
   0.000000      0.000000      1.066116      1.887083      0.000000     001000
   0.000000      0.000000     0.8314410E-01  1.085154      0.000000     000100
   0.000000      0.000000      0.000000      0.000000      1.000000     000010
   0.000000      0.000000      0.000000      0.000000    -0.3156467E-04 200000
   0.000000      0.000000      0.000000      0.000000     0.6536669E-04 110000
   0.000000      0.000000      0.000000      0.000000    -0.3980948E-04 020000
   0.000000      0.000000      0.000000      0.000000    -0.3023438E-04 002000
   0.000000      0.000000      0.000000      0.000000    -0.6669214E-04 001100
  0.6614505E-03 0.1711443E-01  0.000000      0.000000      0.000000     100001
  0.1189752E-04 0.8087000E-03  0.000000      0.000000      0.000000     010001
   0.000000      0.000000    -0.6607391E-03-0.1947319E-01  0.000000     001001
   0.000000      0.000000      0.000000      0.000000    -0.4212363E-04 000200
   0.000000      0.000000    -0.1128159E-04-0.8661031E-03  0.000000     000101
 -0.1508238E-05-0.9038841E-05  0.000000      0.000000      0.000000     300000
 -0.2482383E-06 0.7597295E-05  0.000000      0.000000      0.000000     210000
 -0.1358932E-06-0.1448937E-05  0.000000      0.000000      0.000000     120000
 -0.3812039E-08-0.7455279E-07  0.000000      0.000000      0.000000     030000
   0.000000      0.000000     0.5226534E-05-0.1872769E-04  0.000000     201000
   0.000000      0.000000     0.8602146E-06 0.4897933E-05  0.000000     111000
   0.000000      0.000000     0.6788258E-07 0.1685382E-05  0.000000     021000
 -0.5870760E-05-0.2734129E-04  0.000000      0.000000      0.000000     102000
 -0.4897486E-06 0.6237420E-05  0.000000      0.000000      0.000000     012000
   0.000000      0.000000     0.2412354E-05-0.5889041E-05  0.000000     003000
   0.000000      0.000000     0.4256590E-06-0.4559063E-05  0.000000     200100
   0.000000      0.000000     0.1217220E-07-0.1994943E-05  0.000000     110100
   0.000000      0.000000     0.2826494E-08-0.6658243E-08  0.000000     020100
 -0.9546787E-06-0.1782158E-04  0.000000      0.000000      0.000000     101100
 -0.2268252E-07 0.1631524E-05  0.000000      0.000000      0.000000     011100
   0.000000      0.000000     0.6940951E-06-0.2505175E-05  0.000000     002100
   0.000000      0.000000      0.000000      0.000000     0.6367878E-06 200001
   0.000000      0.000000      0.000000      0.000000    -0.6448048E-06 110001
   0.000000      0.000000      0.000000      0.000000    -0.1218705E-07 020001
   0.000000      0.000000      0.000000      0.000000     0.5968261E-06 002001
 -0.6416601E-07-0.1971815E-05  0.000000      0.000000      0.000000     100200
 -0.2868161E-08-0.7101767E-08  0.000000      0.000000      0.000000     010200
   0.000000      0.000000     0.1647041E-06 0.2270845E-05  0.000000     001200
   0.000000      0.000000      0.000000      0.000000     0.6711475E-06 001101
 -0.6612749E-05-0.1654356E-03  0.000000      0.000000      0.000000     100002
 -0.1204351E-06-0.7946632E-05  0.000000      0.000000      0.000000     010002
   0.000000      0.000000     0.6601994E-05 0.2008196E-03  0.000000     001002
   0.000000      0.000000     0.4217537E-08 0.9389033E-07  0.000000     000300
   0.000000      0.000000      0.000000      0.000000     0.1084679E-07 000201
   0.000000      0.000000     0.1111949E-06 0.8807712E-05  0.000000     000102
 ------------------------------------------------------------------------------
!NAME: Q3_MECHANICAL_EXIT
!REGION: FULL
!OFFSET:       10.2703432613334229 (in meters)
!LENGTH:        0.3645000000000002 (canonical length in meters)
   1.000000      0.000000      0.000000      0.000000      0.000000     100000
  0.3645000E-01  1.000000      0.000000      0.000000      0.000000     010000
   0.000000      0.000000      1.000000      0.000000      0.000000     001000
   0.000000      0.000000     0.3645000E-01  1.000000      0.000000     000100
   0.000000      0.000000      0.000000      0.000000      1.000000     000010
   0.000000      0.000000      0.000000      0.000000    -0.1822500E-04 020000
   0.000000      0.000000      0.000000      0.000000    -0.1822500E-04 000200
 ------------------------------------------------------------------------------
!NAME: DIPOLE_MECHANICAL_ENTRANCE
!REGION: D-FRONT
!OFFSET:       10.6348432613334225 (in meters)
!LENGTH:        0.1800000000000000 (canonical length in meters)
   1.000000      0.000000      0.000000      0.000000      0.000000     100000
  0.1800000E-01  1.000000      0.000000      0.000000      0.000000     010000
   0.000000      0.000000      1.000000      0.000000      0.000000     001000
   0.000000      0.000000     0.1800000E-01  1.000000      0.000000     000100
   0.000000      0.000000      0.000000      0.000000      1.000000     000010
   0.000000      0.000000      0.000000      0.000000    -0.9000000E-05 020000
   0.000000      0.000000      0.000000      0.000000    -0.9000000E-05 000200
 ------------------------------------------------------------------------------
!NAME: DIPOLE_FLARE
!REGION: D-FRONT
!OFFSET:       10.8148432613334222 (in meters)
!LENGTH:        0.3010000000000000 (canonical length in meters)
   1.000000      0.000000      0.000000      0.000000      0.000000     100000
  0.3010000E-01  1.000000      0.000000      0.000000      0.000000     010000
   0.000000      0.000000      1.000000      0.000000      0.000000     001000
   0.000000      0.000000     0.3010000E-01  1.000000      0.000000     000100
   0.000000      0.000000      0.000000      0.000000      1.000000     000010
   0.000000      0.000000      0.000000      0.000000    -0.1505000E-04 020000
   0.000000      0.000000      0.000000      0.000000    -0.1505000E-04 000200
 ------------------------------------------------------------------------------
!NAME: DIPOLE_MAGNETIC_ENTRANCE
!REGION: D-FRONT
!OFFSET:       11.1158432613334224 (in meters)
!LENGTH:        0.3947150000000000 (canonical length in meters)
   1.000000      0.000000      0.000000      0.000000      0.000000     100000
  0.3947150E-01  1.000000      0.000000      0.000000      0.000000     010000
   0.000000      0.000000      1.000000      0.000000      0.000000     001000
   0.000000      0.000000     0.3947150E-01  1.000000      0.000000     000100
   0.000000      0.000000      0.000000      0.000000      1.000000     000010
   0.000000      0.000000      0.000000      0.000000    -0.1973575E-04 020000
   0.000000      0.000000      0.000000      0.000000    -0.1973575E-04 000200
 ------------------------------------------------------------------------------
!NAME: DIPOLE_MID
!REGION: dipole
!OFFSET:       11.5105582613334221 (in meters)
!LENGTH:        0.3688066422758967 (canonical length in meters)
   0.000000      0.000000      0.000000      0.000000    -0.1609823E-12 000000
   1.000001     0.1621841E-04  0.000000      0.000000    -0.4013308E-01 100000
  0.3689919E-01  1.000000      0.000000      0.000000     0.4959086E-03 010000
   0.000000      0.000000     0.9994401    -0.1298637E-01  0.000000     001000
   0.000000      0.000000     0.3686714E-01  1.000081      0.000000     000100
   0.000000      0.000000      0.000000      0.000000      1.000000     000010
  0.1976787E-01 0.4013308      0.000000      0.000000    -0.3111097E-03 000001
  0.6510154E-09  0.000000      0.000000      0.000000    -0.1307093E-10 200000
  0.4013308E-04-0.6511348E-09  0.000000      0.000000    -0.8059293E-06 110000
 -0.1485689E-05-0.2006656E-04  0.000000      0.000000    -0.1841780E-04 020000
   0.000000      0.000000     0.3548859E-06-0.7744119E-08  0.000000     101000
   0.000000      0.000000    -0.4009662E-04-0.1090946E-02  0.000000     011000
  0.5454281E-03 0.7382204E-08  0.000000      0.000000    -0.6495239E-05 002000
   0.000000      0.000000     0.4016867E-04-0.8773366E-06  0.000000     100100
   0.000000      0.000000     0.1978470E-05-0.1459579E-06  0.000000     010100
  0.1070675E-06-0.3552400E-06  0.000000      0.000000     0.1445992E-05 001100
  0.8047356E-05-0.1623147E-06  0.000000      0.000000     0.1188982E-09 100001
 -0.6033766E-07-0.8053342E-05  0.000000      0.000000    -0.1977127E-04 010001
   0.000000      0.000000     0.3150795E-05-0.1782390E-03  0.000000     001001
  0.2502545E-06-0.2010212E-04  0.000000      0.000000    -0.1843776E-04 000200
   0.000000      0.000000     0.5828595E-06-0.9735232E-05  0.000000     000101
 -0.1976879E-03-0.4014927E-02  0.000000      0.000000     0.7001401E-06 000002
  0.1307100E-13  0.000000      0.000000      0.000000    -0.6515401E-12 210000
  0.4035594E-09 0.2434722E-10  0.000000      0.000000    -0.2008272E-07 120000
 -0.3870302E-11 0.4026692E-09  0.000000      0.000000     0.1238112E-08 030000
   0.000000      0.000000    -0.4381105E-07 0.9566809E-09  0.000000     111000
   0.000000      0.000000    -0.4817147E-09 0.7059846E-07  0.000000     021000
  0.6854926E-12  0.000000      0.000000      0.000000    -0.1579995E-11 102000
 -0.5513827E-07 0.4702144E-09  0.000000      0.000000    -0.5467745E-06 012000
   0.000000      0.000000     0.9273166E-07-0.6158513E-05  0.000000     003000
   0.000000      0.000000     0.2616472E-13  0.000000      0.000000     200100
   0.000000      0.000000     0.8025209E-09-0.1314899E-11  0.000000     110100
   0.000000      0.000000    -0.1132571E-09 0.9222489E-09  0.000000     020100
 -0.7117496E-11-0.2192604E-12  0.000000      0.000000    -0.3552010E-09 101100
 -0.2859646E-08 0.3087669E-07  0.000000      0.000000     0.3990689E-07 011100
   0.000000      0.000000     0.5645167E-07-0.9599880E-06  0.000000     002100
 -0.6510155E-11  0.000000      0.000000      0.000000      0.000000     200001
   0.000000     0.2604868E-10  0.000000      0.000000    -0.8047356E-08 110001
  0.2968190E-07 0.6023202E-06  0.000000      0.000000    -0.9237003E-11 020001
   0.000000      0.000000    -0.1591122E-07 0.4248081E-09  0.000000     101001
   0.000000      0.000000     0.3996589E-06 0.1096328E-04  0.000000     011001
 -0.5474089E-05-0.3920971E-11  0.000000      0.000000    -0.8945338E-07 002001
 -0.4030802E-09 0.8103886E-11  0.000000      0.000000    -0.2010216E-07 100200
 -0.7698514E-10 0.4887084E-09  0.000000      0.000000    -0.2477562E-08 010200
   0.000000      0.000000     0.7550135E-09-0.8946077E-07  0.000000     001200
   0.000000      0.000000    -0.7137164E-09 0.8795464E-08  0.000000     100101
   0.000000      0.000000    -0.5024499E-08 0.4047379E-06  0.000000     010101
 -0.3070606E-08 0.1072257E-07  0.000000      0.000000    -0.2095613E-07 001101
 -0.8050620E-07 0.1628373E-08  0.000000      0.000000    -0.1616608E-08 100002
  0.7854802E-08 0.3222307E-06  0.000000      0.000000     0.1977683E-06 010002
   0.000000      0.000000    -0.7313209E-08 0.4876390E-05  0.000000     001002
   0.000000      0.000000     0.7044166E-10-0.1270126E-08  0.000000     000300
 -0.2548707E-08 0.2015738E-06  0.000000      0.000000    -0.3097418E-09 000201
   0.000000      0.000000    -0.4798811E-08 0.2677646E-06  0.000000     000102
  0.1977734E-05 0.4019779E-04  0.000000      0.000000     0.1711715E-07 000003
 ------------------------------------------------------------------------------
!NAME: DIPOLE_MID
!REGION: dipole
!OFFSET:       11.8793649036093178 (in meters)
!LENGTH:        0.3688066422758967 (canonical length in meters)
   0.000000      0.000000      0.000000      0.000000    -0.1609823E-12 000000
   1.000000      0.000000      0.000000      0.000000    -0.4014796E-01 100000
  0.3687076E-01  1.000000      0.000000      0.000000    -0.7401430E-03 010000
   0.000000      0.000000     0.9991942    -0.4368124E-01  0.000000     001000
   0.000000      0.000000     0.3688066E-01 0.9991942      0.000000     000100
   0.000000      0.000000      0.000000      0.000000      1.000000     000010
  0.7401430E-02 0.4014796      0.000000      0.000000    -0.9904280E-04 000001
  0.4014796E-04  0.000000      0.000000      0.000000    -0.8059295E-06 110000
  0.3700715E-06-0.2007398E-04  0.000000      0.000000    -0.1843538E-04 020000
   0.000000      0.000000    -0.8772099E-06 0.1916653E-07  0.000000     101000
   0.000000      0.000000    -0.1617170E-07 0.3533423E-09  0.000000     011000
 -0.1766711E-09-0.9583266E-08  0.000000      0.000000    -0.8801002E-08 002000
   0.000000      0.000000     0.4014796E-04-0.8772099E-06  0.000000     100100
   0.000000      0.000000     0.7401430E-06-0.1617170E-07  0.000000     010100
  0.1617170E-07 0.8772099E-06  0.000000      0.000000     0.8056049E-06 001100
  0.8059295E-05  0.000000      0.000000      0.000000    -0.8663996E-12 100001
  0.2971523E-06-0.8059295E-05  0.000000      0.000000    -0.7401430E-05 010001
   0.000000      0.000000     0.8056049E-05 0.4366364E-03  0.000000     001001
 -0.3700715E-06-0.2007398E-04  0.000000      0.000000    -0.1843538E-04 000200
   0.000000      0.000000     0.9904280E-07 0.8056049E-05  0.000000     000101
 -0.7398447E-04-0.4016414E-02  0.000000      0.000000      0.000000     000002
  0.4029648E-09  0.000000      0.000000      0.000000    -0.2009016E-07 120000
 -0.1485762E-10 0.4029648E-09  0.000000      0.000000      0.000000     030000
   0.000000      0.000000    -0.1760910E-10 0.3847486E-12  0.000000     111000
   0.000000      0.000000    -0.4028024E-09-0.2183182E-07  0.000000     021000
 -0.1923743E-12  0.000000      0.000000      0.000000    -0.9583266E-11 102000
  0.8793909E-11 0.9542178E-09  0.000000      0.000000    -0.1766711E-12 012000
   0.000000      0.000000    -0.1922968E-12-0.4166882E-10  0.000000     003000
   0.000000      0.000000     0.8059295E-09-0.1760910E-10  0.000000     110100
   0.000000      0.000000    -0.4952140E-11-0.4028024E-09  0.000000     020100
  0.1760910E-10  0.000000      0.000000      0.000000     0.8772099E-09 101100
 -0.8049556E-09-0.4366365E-07  0.000000      0.000000     0.1617170E-10 011100
   0.000000      0.000000     0.2640300E-10 0.2859193E-08  0.000000     002100
   0.000000      0.000000      0.000000      0.000000    -0.8059295E-08 110001
  0.1109320E-07 0.6025430E-06  0.000000      0.000000    -0.2971527E-09 020001
   0.000000      0.000000     0.8772099E-08-0.3833306E-09  0.000000     101001
   0.000000      0.000000      0.000000    -0.1754066E-07  0.000000     011001
  0.5298711E-11 0.5747644E-09  0.000000      0.000000     0.1760200E-09 002001
 -0.4029648E-09  0.000000      0.000000      0.000000    -0.2007398E-07 100200
 -0.1485762E-10-0.4025319E-09  0.000000      0.000000      0.000000     010200
   0.000000      0.000000    -0.1208407E-08-0.6538991E-07  0.000000     001200
   0.000000      0.000000      0.000000     0.8772099E-08  0.000000     100101
   0.000000      0.000000     0.7401430E-08 0.4011561E-06  0.000000     010101
 -0.3233036E-09-0.2630217E-07  0.000000      0.000000    -0.8056049E-08 001101
 -0.8062543E-07  0.000000      0.000000      0.000000    -0.1617808E-08 100002
 -0.2394838E-11 0.3224692E-06  0.000000      0.000000     0.7392482E-07 010002
   0.000000      0.000000    -0.8056049E-07-0.4368124E-05  0.000000     001002
   0.000000      0.000000    -0.4952140E-11-0.1207650E-08  0.000000     000300
  0.3697732E-08 0.2005782E-06  0.000000      0.000000      0.000000     000201
   0.000000      0.000000      0.000000    -0.3248048E-10  0.000000     000102
  0.7398445E-06 0.4021269E-04  0.000000      0.000000     0.9897095E-08 000003
 ------------------------------------------------------------------------------
!NAME: DIPOLE_MID
!REGION: dipole
!OFFSET:       12.2481715458852136 (in meters)
!LENGTH:        0.3688066422758967 (canonical length in meters)
   0.000000      0.000000      0.000000      0.000000    -0.1609823E-12 000000
   1.000000      0.000000      0.000000      0.000000    -0.4014796E-01 100000
  0.3687076E-01  1.000000      0.000000      0.000000    -0.7401430E-03 010000
   0.000000      0.000000     0.9991942    -0.4368124E-01  0.000000     001000
   0.000000      0.000000     0.3688066E-01 0.9991942      0.000000     000100
   0.000000      0.000000      0.000000      0.000000      1.000000     000010
  0.7401430E-02 0.4014796      0.000000      0.000000    -0.9904280E-04 000001
  0.4014796E-04  0.000000      0.000000      0.000000    -0.8059295E-06 110000
  0.3700715E-06-0.2007398E-04  0.000000      0.000000    -0.1843538E-04 020000
   0.000000      0.000000    -0.8772099E-06 0.1916653E-07  0.000000     101000
   0.000000      0.000000    -0.1617170E-07 0.3533423E-09  0.000000     011000
 -0.1766711E-09-0.9583266E-08  0.000000      0.000000    -0.8801002E-08 002000
   0.000000      0.000000     0.4014796E-04-0.8772099E-06  0.000000     100100
   0.000000      0.000000     0.7401430E-06-0.1617170E-07  0.000000     010100
  0.1617170E-07 0.8772099E-06  0.000000      0.000000     0.8056049E-06 001100
  0.8059295E-05  0.000000      0.000000      0.000000    -0.8663996E-12 100001
  0.2971523E-06-0.8059295E-05  0.000000      0.000000    -0.7401430E-05 010001
   0.000000      0.000000     0.8056049E-05 0.4366364E-03  0.000000     001001
 -0.3700715E-06-0.2007398E-04  0.000000      0.000000    -0.1843538E-04 000200
   0.000000      0.000000     0.9904280E-07 0.8056049E-05  0.000000     000101
 -0.7398447E-04-0.4016414E-02  0.000000      0.000000      0.000000     000002
  0.4029648E-09  0.000000      0.000000      0.000000    -0.2009016E-07 120000
 -0.1485762E-10 0.4029648E-09  0.000000      0.000000      0.000000     030000
   0.000000      0.000000    -0.1760910E-10 0.3847486E-12  0.000000     111000
   0.000000      0.000000    -0.4028024E-09-0.2183182E-07  0.000000     021000
 -0.1923743E-12  0.000000      0.000000      0.000000    -0.9583266E-11 102000
  0.8793909E-11 0.9542178E-09  0.000000      0.000000    -0.1766711E-12 012000
   0.000000      0.000000    -0.1922968E-12-0.4166882E-10  0.000000     003000
   0.000000      0.000000     0.8059295E-09-0.1760910E-10  0.000000     110100
   0.000000      0.000000    -0.4952140E-11-0.4028024E-09  0.000000     020100
  0.1760910E-10  0.000000      0.000000      0.000000     0.8772099E-09 101100
 -0.8049556E-09-0.4366365E-07  0.000000      0.000000     0.1617170E-10 011100
   0.000000      0.000000     0.2640300E-10 0.2859193E-08  0.000000     002100
   0.000000      0.000000      0.000000      0.000000    -0.8059295E-08 110001
  0.1109320E-07 0.6025430E-06  0.000000      0.000000    -0.2971527E-09 020001
   0.000000      0.000000     0.8772099E-08-0.3833306E-09  0.000000     101001
   0.000000      0.000000      0.000000    -0.1754066E-07  0.000000     011001
  0.5298711E-11 0.5747644E-09  0.000000      0.000000     0.1760200E-09 002001
 -0.4029648E-09  0.000000      0.000000      0.000000    -0.2007398E-07 100200
 -0.1485762E-10-0.4025319E-09  0.000000      0.000000      0.000000     010200
   0.000000      0.000000    -0.1208407E-08-0.6538991E-07  0.000000     001200
   0.000000      0.000000      0.000000     0.8772099E-08  0.000000     100101
   0.000000      0.000000     0.7401430E-08 0.4011561E-06  0.000000     010101
 -0.3233036E-09-0.2630217E-07  0.000000      0.000000    -0.8056049E-08 001101
 -0.8062543E-07  0.000000      0.000000      0.000000    -0.1617808E-08 100002
 -0.2394838E-11 0.3224692E-06  0.000000      0.000000     0.7392482E-07 010002
   0.000000      0.000000    -0.8056049E-07-0.4368124E-05  0.000000     001002
   0.000000      0.000000    -0.4952140E-11-0.1207650E-08  0.000000     000300
  0.3697732E-08 0.2005782E-06  0.000000      0.000000      0.000000     000201
   0.000000      0.000000      0.000000    -0.3248048E-10  0.000000     000102
  0.7398445E-06 0.4021269E-04  0.000000      0.000000     0.9897095E-08 000003
 ------------------------------------------------------------------------------
!NAME: DIPOLE_MID
!REGION: dipole
!OFFSET:       12.6169781881611094 (in meters)
!LENGTH:        0.3688066422758967 (canonical length in meters)
   0.000000      0.000000      0.000000      0.000000    -0.1609823E-12 000000
   1.000000      0.000000      0.000000      0.000000    -0.4014796E-01 100000
  0.3687076E-01  1.000000      0.000000      0.000000    -0.7401430E-03 010000
   0.000000      0.000000     0.9991942    -0.4368124E-01  0.000000     001000
   0.000000      0.000000     0.3688066E-01 0.9991942      0.000000     000100
   0.000000      0.000000      0.000000      0.000000      1.000000     000010
  0.7401430E-02 0.4014796      0.000000      0.000000    -0.9904280E-04 000001
  0.4014796E-04  0.000000      0.000000      0.000000    -0.8059295E-06 110000
  0.3700715E-06-0.2007398E-04  0.000000      0.000000    -0.1843538E-04 020000
   0.000000      0.000000    -0.8772099E-06 0.1916653E-07  0.000000     101000
   0.000000      0.000000    -0.1617170E-07 0.3533423E-09  0.000000     011000
 -0.1766711E-09-0.9583266E-08  0.000000      0.000000    -0.8801002E-08 002000
   0.000000      0.000000     0.4014796E-04-0.8772099E-06  0.000000     100100
   0.000000      0.000000     0.7401430E-06-0.1617170E-07  0.000000     010100
  0.1617170E-07 0.8772099E-06  0.000000      0.000000     0.8056049E-06 001100
  0.8059295E-05  0.000000      0.000000      0.000000    -0.8663996E-12 100001
  0.2971523E-06-0.8059295E-05  0.000000      0.000000    -0.7401430E-05 010001
   0.000000      0.000000     0.8056049E-05 0.4366364E-03  0.000000     001001
 -0.3700715E-06-0.2007398E-04  0.000000      0.000000    -0.1843538E-04 000200
   0.000000      0.000000     0.9904280E-07 0.8056049E-05  0.000000     000101
 -0.7398447E-04-0.4016414E-02  0.000000      0.000000      0.000000     000002
  0.4029648E-09  0.000000      0.000000      0.000000    -0.2009016E-07 120000
 -0.1485762E-10 0.4029648E-09  0.000000      0.000000      0.000000     030000
   0.000000      0.000000    -0.1760910E-10 0.3847486E-12  0.000000     111000
   0.000000      0.000000    -0.4028024E-09-0.2183182E-07  0.000000     021000
 -0.1923743E-12  0.000000      0.000000      0.000000    -0.9583266E-11 102000
  0.8793909E-11 0.9542178E-09  0.000000      0.000000    -0.1766711E-12 012000
   0.000000      0.000000    -0.1922968E-12-0.4166882E-10  0.000000     003000
   0.000000      0.000000     0.8059295E-09-0.1760910E-10  0.000000     110100
   0.000000      0.000000    -0.4952140E-11-0.4028024E-09  0.000000     020100
  0.1760910E-10  0.000000      0.000000      0.000000     0.8772099E-09 101100
 -0.8049556E-09-0.4366365E-07  0.000000      0.000000     0.1617170E-10 011100
   0.000000      0.000000     0.2640300E-10 0.2859193E-08  0.000000     002100
   0.000000      0.000000      0.000000      0.000000    -0.8059295E-08 110001
  0.1109320E-07 0.6025430E-06  0.000000      0.000000    -0.2971527E-09 020001
   0.000000      0.000000     0.8772099E-08-0.3833306E-09  0.000000     101001
   0.000000      0.000000      0.000000    -0.1754066E-07  0.000000     011001
  0.5298711E-11 0.5747644E-09  0.000000      0.000000     0.1760200E-09 002001
 -0.4029648E-09  0.000000      0.000000      0.000000    -0.2007398E-07 100200
 -0.1485762E-10-0.4025319E-09  0.000000      0.000000      0.000000     010200
   0.000000      0.000000    -0.1208407E-08-0.6538991E-07  0.000000     001200
   0.000000      0.000000      0.000000     0.8772099E-08  0.000000     100101
   0.000000      0.000000     0.7401430E-08 0.4011561E-06  0.000000     010101
 -0.3233036E-09-0.2630217E-07  0.000000      0.000000    -0.8056049E-08 001101
 -0.8062543E-07  0.000000      0.000000      0.000000    -0.1617808E-08 100002
 -0.2394838E-11 0.3224692E-06  0.000000      0.000000     0.7392482E-07 010002
   0.000000      0.000000    -0.8056049E-07-0.4368124E-05  0.000000     001002
   0.000000      0.000000    -0.4952140E-11-0.1207650E-08  0.000000     000300
  0.3697732E-08 0.2005782E-06  0.000000      0.000000      0.000000     000201
   0.000000      0.000000      0.000000    -0.3248048E-10  0.000000     000102
  0.7398445E-06 0.4021269E-04  0.000000      0.000000     0.9897095E-08 000003
 ------------------------------------------------------------------------------
!NAME: DIPOLE_MID
!REGION: dipole
!OFFSET:       12.9857848304370052 (in meters)
!LENGTH:        0.3688066422758967 (canonical length in meters)
   0.000000      0.000000      0.000000      0.000000    -0.1609823E-12 000000
   1.000000      0.000000      0.000000      0.000000    -0.4014796E-01 100000
  0.3687076E-01  1.000000      0.000000      0.000000    -0.7401430E-03 010000
   0.000000      0.000000     0.9991942    -0.4368124E-01  0.000000     001000
   0.000000      0.000000     0.3688066E-01 0.9991942      0.000000     000100
   0.000000      0.000000      0.000000      0.000000      1.000000     000010
  0.7401430E-02 0.4014796      0.000000      0.000000    -0.9904280E-04 000001
  0.4014796E-04  0.000000      0.000000      0.000000    -0.8059295E-06 110000
  0.3700715E-06-0.2007398E-04  0.000000      0.000000    -0.1843538E-04 020000
   0.000000      0.000000    -0.8772099E-06 0.1916653E-07  0.000000     101000
   0.000000      0.000000    -0.1617170E-07 0.3533423E-09  0.000000     011000
 -0.1766711E-09-0.9583266E-08  0.000000      0.000000    -0.8801002E-08 002000
   0.000000      0.000000     0.4014796E-04-0.8772099E-06  0.000000     100100
   0.000000      0.000000     0.7401430E-06-0.1617170E-07  0.000000     010100
  0.1617170E-07 0.8772099E-06  0.000000      0.000000     0.8056049E-06 001100
  0.8059295E-05  0.000000      0.000000      0.000000    -0.8663996E-12 100001
  0.2971523E-06-0.8059295E-05  0.000000      0.000000    -0.7401430E-05 010001
   0.000000      0.000000     0.8056049E-05 0.4366364E-03  0.000000     001001
 -0.3700715E-06-0.2007398E-04  0.000000      0.000000    -0.1843538E-04 000200
   0.000000      0.000000     0.9904280E-07 0.8056049E-05  0.000000     000101
 -0.7398447E-04-0.4016414E-02  0.000000      0.000000      0.000000     000002
  0.4029648E-09  0.000000      0.000000      0.000000    -0.2009016E-07 120000
 -0.1485762E-10 0.4029648E-09  0.000000      0.000000      0.000000     030000
   0.000000      0.000000    -0.1760910E-10 0.3847486E-12  0.000000     111000
   0.000000      0.000000    -0.4028024E-09-0.2183182E-07  0.000000     021000
 -0.1923743E-12  0.000000      0.000000      0.000000    -0.9583266E-11 102000
  0.8793909E-11 0.9542178E-09  0.000000      0.000000    -0.1766711E-12 012000
   0.000000      0.000000    -0.1922968E-12-0.4166882E-10  0.000000     003000
   0.000000      0.000000     0.8059295E-09-0.1760910E-10  0.000000     110100
   0.000000      0.000000    -0.4952140E-11-0.4028024E-09  0.000000     020100
  0.1760910E-10  0.000000      0.000000      0.000000     0.8772099E-09 101100
 -0.8049556E-09-0.4366365E-07  0.000000      0.000000     0.1617170E-10 011100
   0.000000      0.000000     0.2640300E-10 0.2859193E-08  0.000000     002100
   0.000000      0.000000      0.000000      0.000000    -0.8059295E-08 110001
  0.1109320E-07 0.6025430E-06  0.000000      0.000000    -0.2971527E-09 020001
   0.000000      0.000000     0.8772099E-08-0.3833306E-09  0.000000     101001
   0.000000      0.000000      0.000000    -0.1754066E-07  0.000000     011001
  0.5298711E-11 0.5747644E-09  0.000000      0.000000     0.1760200E-09 002001
 -0.4029648E-09  0.000000      0.000000      0.000000    -0.2007398E-07 100200
 -0.1485762E-10-0.4025319E-09  0.000000      0.000000      0.000000     010200
   0.000000      0.000000    -0.1208407E-08-0.6538991E-07  0.000000     001200
   0.000000      0.000000      0.000000     0.8772099E-08  0.000000     100101
   0.000000      0.000000     0.7401430E-08 0.4011561E-06  0.000000     010101
 -0.3233036E-09-0.2630217E-07  0.000000      0.000000    -0.8056049E-08 001101
 -0.8062543E-07  0.000000      0.000000      0.000000    -0.1617808E-08 100002
 -0.2394838E-11 0.3224692E-06  0.000000      0.000000     0.7392482E-07 010002
   0.000000      0.000000    -0.8056049E-07-0.4368124E-05  0.000000     001002
   0.000000      0.000000    -0.4952140E-11-0.1207650E-08  0.000000     000300
  0.3697732E-08 0.2005782E-06  0.000000      0.000000      0.000000     000201
   0.000000      0.000000      0.000000    -0.3248048E-10  0.000000     000102
  0.7398445E-06 0.4021269E-04  0.000000      0.000000     0.9897095E-08 000003
 ------------------------------------------------------------------------------
!NAME: DIPOLE_MID
!REGION: dipole
!OFFSET:       13.3545914727129009 (in meters)
!LENGTH:        0.3688066422758967 (canonical length in meters)
   0.000000      0.000000      0.000000      0.000000    -0.1609823E-12 000000
   1.000000      0.000000      0.000000      0.000000    -0.4014796E-01 100000
  0.3687076E-01  1.000000      0.000000      0.000000    -0.7401430E-03 010000
   0.000000      0.000000     0.9991942    -0.4368124E-01  0.000000     001000
   0.000000      0.000000     0.3688066E-01 0.9991942      0.000000     000100
   0.000000      0.000000      0.000000      0.000000      1.000000     000010
  0.7401430E-02 0.4014796      0.000000      0.000000    -0.9904280E-04 000001
  0.4014796E-04  0.000000      0.000000      0.000000    -0.8059295E-06 110000
  0.3700715E-06-0.2007398E-04  0.000000      0.000000    -0.1843538E-04 020000
   0.000000      0.000000    -0.8772099E-06 0.1916653E-07  0.000000     101000
   0.000000      0.000000    -0.1617170E-07 0.3533423E-09  0.000000     011000
 -0.1766711E-09-0.9583266E-08  0.000000      0.000000    -0.8801002E-08 002000
   0.000000      0.000000     0.4014796E-04-0.8772099E-06  0.000000     100100
   0.000000      0.000000     0.7401430E-06-0.1617170E-07  0.000000     010100
  0.1617170E-07 0.8772099E-06  0.000000      0.000000     0.8056049E-06 001100
  0.8059295E-05  0.000000      0.000000      0.000000    -0.8663996E-12 100001
  0.2971523E-06-0.8059295E-05  0.000000      0.000000    -0.7401430E-05 010001
   0.000000      0.000000     0.8056049E-05 0.4366364E-03  0.000000     001001
 -0.3700715E-06-0.2007398E-04  0.000000      0.000000    -0.1843538E-04 000200
   0.000000      0.000000     0.9904280E-07 0.8056049E-05  0.000000     000101
 -0.7398447E-04-0.4016414E-02  0.000000      0.000000      0.000000     000002
  0.4029648E-09  0.000000      0.000000      0.000000    -0.2009016E-07 120000
 -0.1485762E-10 0.4029648E-09  0.000000      0.000000      0.000000     030000
   0.000000      0.000000    -0.1760910E-10 0.3847486E-12  0.000000     111000
   0.000000      0.000000    -0.4028024E-09-0.2183182E-07  0.000000     021000
 -0.1923743E-12  0.000000      0.000000      0.000000    -0.9583266E-11 102000
  0.8793909E-11 0.9542178E-09  0.000000      0.000000    -0.1766711E-12 012000
   0.000000      0.000000    -0.1922968E-12-0.4166882E-10  0.000000     003000
   0.000000      0.000000     0.8059295E-09-0.1760910E-10  0.000000     110100
   0.000000      0.000000    -0.4952140E-11-0.4028024E-09  0.000000     020100
  0.1760910E-10  0.000000      0.000000      0.000000     0.8772099E-09 101100
 -0.8049556E-09-0.4366365E-07  0.000000      0.000000     0.1617170E-10 011100
   0.000000      0.000000     0.2640300E-10 0.2859193E-08  0.000000     002100
   0.000000      0.000000      0.000000      0.000000    -0.8059295E-08 110001
  0.1109320E-07 0.6025430E-06  0.000000      0.000000    -0.2971527E-09 020001
   0.000000      0.000000     0.8772099E-08-0.3833306E-09  0.000000     101001
   0.000000      0.000000      0.000000    -0.1754066E-07  0.000000     011001
  0.5298711E-11 0.5747644E-09  0.000000      0.000000     0.1760200E-09 002001
 -0.4029648E-09  0.000000      0.000000      0.000000    -0.2007398E-07 100200
 -0.1485762E-10-0.4025319E-09  0.000000      0.000000      0.000000     010200
   0.000000      0.000000    -0.1208407E-08-0.6538991E-07  0.000000     001200
   0.000000      0.000000      0.000000     0.8772099E-08  0.000000     100101
   0.000000      0.000000     0.7401430E-08 0.4011561E-06  0.000000     010101
 -0.3233036E-09-0.2630217E-07  0.000000      0.000000    -0.8056049E-08 001101
 -0.8062543E-07  0.000000      0.000000      0.000000    -0.1617808E-08 100002
 -0.2394838E-11 0.3224692E-06  0.000000      0.000000     0.7392482E-07 010002
   0.000000      0.000000    -0.8056049E-07-0.4368124E-05  0.000000     001002
   0.000000      0.000000    -0.4952140E-11-0.1207650E-08  0.000000     000300
  0.3697732E-08 0.2005782E-06  0.000000      0.000000      0.000000     000201
   0.000000      0.000000      0.000000    -0.3248048E-10  0.000000     000102
  0.7398445E-06 0.4021269E-04  0.000000      0.000000     0.9897095E-08 000003
 ------------------------------------------------------------------------------
!NAME: DIPOLE_MID
!REGION: dipole
!OFFSET:       13.7233981149887967 (in meters)
!LENGTH:        0.3688066422758967 (canonical length in meters)
   0.000000      0.000000      0.000000      0.000000    -0.1609823E-12 000000
   1.000000      0.000000      0.000000      0.000000    -0.4014796E-01 100000
  0.3687076E-01  1.000000      0.000000      0.000000    -0.7401430E-03 010000
   0.000000      0.000000     0.9991942    -0.4368124E-01  0.000000     001000
   0.000000      0.000000     0.3688066E-01 0.9991942      0.000000     000100
   0.000000      0.000000      0.000000      0.000000      1.000000     000010
  0.7401430E-02 0.4014796      0.000000      0.000000    -0.9904280E-04 000001
  0.4014796E-04  0.000000      0.000000      0.000000    -0.8059295E-06 110000
  0.3700715E-06-0.2007398E-04  0.000000      0.000000    -0.1843538E-04 020000
   0.000000      0.000000    -0.8772099E-06 0.1916653E-07  0.000000     101000
   0.000000      0.000000    -0.1617170E-07 0.3533423E-09  0.000000     011000
 -0.1766711E-09-0.9583266E-08  0.000000      0.000000    -0.8801002E-08 002000
   0.000000      0.000000     0.4014796E-04-0.8772099E-06  0.000000     100100
   0.000000      0.000000     0.7401430E-06-0.1617170E-07  0.000000     010100
  0.1617170E-07 0.8772099E-06  0.000000      0.000000     0.8056049E-06 001100
  0.8059295E-05  0.000000      0.000000      0.000000    -0.8663996E-12 100001
  0.2971523E-06-0.8059295E-05  0.000000      0.000000    -0.7401430E-05 010001
   0.000000      0.000000     0.8056049E-05 0.4366364E-03  0.000000     001001
 -0.3700715E-06-0.2007398E-04  0.000000      0.000000    -0.1843538E-04 000200
   0.000000      0.000000     0.9904280E-07 0.8056049E-05  0.000000     000101
 -0.7398447E-04-0.4016414E-02  0.000000      0.000000      0.000000     000002
  0.4029648E-09  0.000000      0.000000      0.000000    -0.2009016E-07 120000
 -0.1485762E-10 0.4029648E-09  0.000000      0.000000      0.000000     030000
   0.000000      0.000000    -0.1760910E-10 0.3847486E-12  0.000000     111000
   0.000000      0.000000    -0.4028024E-09-0.2183182E-07  0.000000     021000
 -0.1923743E-12  0.000000      0.000000      0.000000    -0.9583266E-11 102000
  0.8793909E-11 0.9542178E-09  0.000000      0.000000    -0.1766711E-12 012000
   0.000000      0.000000    -0.1922968E-12-0.4166882E-10  0.000000     003000
   0.000000      0.000000     0.8059295E-09-0.1760910E-10  0.000000     110100
   0.000000      0.000000    -0.4952140E-11-0.4028024E-09  0.000000     020100
  0.1760910E-10  0.000000      0.000000      0.000000     0.8772099E-09 101100
 -0.8049556E-09-0.4366365E-07  0.000000      0.000000     0.1617170E-10 011100
   0.000000      0.000000     0.2640300E-10 0.2859193E-08  0.000000     002100
   0.000000      0.000000      0.000000      0.000000    -0.8059295E-08 110001
  0.1109320E-07 0.6025430E-06  0.000000      0.000000    -0.2971527E-09 020001
   0.000000      0.000000     0.8772099E-08-0.3833306E-09  0.000000     101001
   0.000000      0.000000      0.000000    -0.1754066E-07  0.000000     011001
  0.5298711E-11 0.5747644E-09  0.000000      0.000000     0.1760200E-09 002001
 -0.4029648E-09  0.000000      0.000000      0.000000    -0.2007398E-07 100200
 -0.1485762E-10-0.4025319E-09  0.000000      0.000000      0.000000     010200
   0.000000      0.000000    -0.1208407E-08-0.6538991E-07  0.000000     001200
   0.000000      0.000000      0.000000     0.8772099E-08  0.000000     100101
   0.000000      0.000000     0.7401430E-08 0.4011561E-06  0.000000     010101
 -0.3233036E-09-0.2630217E-07  0.000000      0.000000    -0.8056049E-08 001101
 -0.8062543E-07  0.000000      0.000000      0.000000    -0.1617808E-08 100002
 -0.2394838E-11 0.3224692E-06  0.000000      0.000000     0.7392482E-07 010002
   0.000000      0.000000    -0.8056049E-07-0.4368124E-05  0.000000     001002
   0.000000      0.000000    -0.4952140E-11-0.1207650E-08  0.000000     000300
  0.3697732E-08 0.2005782E-06  0.000000      0.000000      0.000000     000201
   0.000000      0.000000      0.000000    -0.3248048E-10  0.000000     000102
  0.7398445E-06 0.4021269E-04  0.000000      0.000000     0.9897095E-08 000003
 ------------------------------------------------------------------------------
!NAME: DIPOLE_MAGNETIC_EXIT
!REGION: dipole
!OFFSET:       14.0922047572646925 (in meters)
!LENGTH:        0.3688066422758967 (canonical length in meters)
   0.000000      0.000000      0.000000      0.000000    -0.1609823E-12 000000
  1.0000000    -0.4832685E-11  0.000000      0.000000    -0.4014852E-01 100000
  0.3689919E-01  1.000000      0.000000      0.000000    -0.1978477E-02 010000
   0.000000      0.000000      1.001210    -0.1306436E-01  0.000000     001000
   0.000000      0.000000     0.3680183E-01 0.9983110      0.000000     000100
   0.000000      0.000000      0.000000      0.000000      1.000000     000010
 -0.4970290E-02 0.4014852      0.000000      0.000000     0.6820000E-03 000001
 -0.1083301E-13  0.000000      0.000000      0.000000      0.000000     200000
  0.4014852E-04  0.000000      0.000000      0.000000    -0.8059520E-06 110000
  0.2228377E-05-0.2007426E-04  0.000000      0.000000    -0.1856689E-04 020000
   0.000000      0.000000     0.3537811E-06-0.7730207E-08  0.000000     101000
   0.000000      0.000000     0.4033358E-04 0.1090936E-02  0.000000     011000
 -0.5463915E-03-0.1587639E-08  0.000000      0.000000     0.3730374E-04 002000
   0.000000      0.000000     0.4011300E-04-0.8764581E-06  0.000000     100100
   0.000000      0.000000    -0.5041604E-06-0.1103135E-06  0.000000     010100
  0.1039912E-06-0.3534707E-06  0.000000      0.000000    -0.2103375E-05 001100
  0.8059520E-05  0.000000      0.000000      0.000000    -0.5375015E-11 100001
 -0.1053419E-05-0.8059520E-05  0.000000      0.000000     0.5042264E-05 010001
   0.000000      0.000000    -0.3232978E-04-0.1759016E-03  0.000000     001001
 -0.9890383E-06-0.2003875E-04  0.000000      0.000000    -0.1832270E-04 000200
   0.000000      0.000000     0.8988643E-06 0.2575876E-04  0.000000     000101
  0.4977158E-04-0.4016470E-02  0.000000      0.000000    -0.9243158E-05 000002
  0.4029760E-09  0.000000      0.000000      0.000000    -0.2009044E-07 120000
  0.1452167E-09 0.4029760E-09  0.000000      0.000000    -0.1246382E-08 030000
   0.000000      0.000000     0.4384194E-07-0.9579341E-09  0.000000     111000
   0.000000      0.000000     0.5130915E-08 0.7034858E-07  0.000000     021000
 -0.8900708E-13-0.4252620E-12  0.000000      0.000000    -0.1554587E-11 102000
 -0.9899190E-07-0.3008550E-09  0.000000      0.000000     0.5519858E-06 012000
   0.000000      0.000000    -0.5446228E-06-0.6121969E-05  0.000000     003000
   0.000000      0.000000     0.8003676E-09-0.1748766E-10  0.000000     110100
   0.000000      0.000000    -0.1115084E-09-0.3073673E-08  0.000000     020100
 -0.7086053E-11  0.000000      0.000000      0.000000    -0.3534687E-09 101100
  0.3518173E-08-0.5683121E-07  0.000000      0.000000    -0.4074930E-07 011100
   0.000000      0.000000     0.8311497E-07 0.9528405E-06  0.000000     002100
   0.000000      0.000000      0.000000      0.000000    -0.8059520E-08 110001
 -0.7571952E-08 0.6025514E-06  0.000000      0.000000     0.1984147E-08 020001
   0.000000      0.000000    -0.1587351E-07 0.4241357E-09  0.000000     101001
   0.000000      0.000000    -0.4079580E-06-0.1097331E-04  0.000000     011001
  0.5503022E-05 0.1744242E-09  0.000000      0.000000    -0.5293390E-06 002001
 -0.4022634E-09  0.000000      0.000000      0.000000    -0.2003875E-07 100200
 -0.1919574E-09-0.1280446E-08  0.000000      0.000000     0.2492925E-08 010200
   0.000000      0.000000    -0.4920923E-08-0.8919752E-07  0.000000     001200
   0.000000      0.000000     0.7121399E-09 0.8749021E-08  0.000000     100101
   0.000000      0.000000     0.2000289E-07 0.4041927E-06  0.000000     010101
 -0.2979557E-08 0.1061978E-07  0.000000      0.000000     0.5032974E-07 001101
 -0.8062767E-07  0.000000      0.000000      0.000000    -0.1617808E-08 100002
  0.1779994E-07 0.3224782E-06  0.000000      0.000000    -0.5100204E-07 010002
   0.000000      0.000000     0.5266847E-06 0.4829604E-05  0.000000     001002
   0.000000      0.000000     0.2513679E-10-0.1141574E-08  0.000000     000300
  0.9908655E-08 0.1995151E-06  0.000000      0.000000    -0.1622445E-08 000201
   0.000000      0.000000    -0.1455238E-07-0.2662746E-06  0.000000     000102
 -0.4985690E-06 0.4021325E-04  0.000000      0.000000     0.1167495E-06 000003
 ------------------------------------------------------------------------------
!NAME: DIPOLE_MECHANICAL_EXIT
!REGION: drift
!OFFSET:       14.4610113995405882 (in meters)
!LENGTH:        0.6068057888195512 (canonical length in meters)
   1.000000      0.000000      0.000000      0.000000      0.000000     100000
  0.6068058E-01  1.000000      0.000000      0.000000      0.000000     010000
   0.000000      0.000000      1.000000      0.000000      0.000000     001000
   0.000000      0.000000     0.6068058E-01  1.000000      0.000000     000100
   0.000000      0.000000      0.000000      0.000000      1.000000     000010
   0.000000      0.000000      0.000000      0.000000    -0.3034029E-04 020000
   0.000000      0.000000      0.000000      0.000000    -0.3034029E-04 000200
 ------------------------------------------------------------------------------
!NAME: FOCAL_PLANE
!REGION: drift
!OFFSET:       15.0678171883601397 (in meters)
!LENGTH:        3.0795142400056381 (canonical length in meters)
   1.000000      0.000000      0.000000      0.000000      0.000000     100000
  0.3079514      1.000000      0.000000      0.000000      0.000000     010000
   0.000000      0.000000      1.000000      0.000000      0.000000     001000
   0.000000      0.000000     0.3079514      1.000000      0.000000     000100
   0.000000      0.000000      0.000000      0.000000      1.000000     000010
   0.000000      0.000000      0.000000      0.000000    -0.1539757E-03 020000
   0.000000      0.000000      0.000000      0.000000    -0.1539757E-03 000200
 ------------------------------------------------------------------------------
