   0.00000000      0.00000000      0.00000000     0.132568788E-15 0000
  0.377992368      0.00000000      0.00000000     0.100269391     1000
  -2.29096067      0.00000000      0.00000000    -0.990831084E-01 0100
   0.00000000     -1.15844141    -0.348781070      0.00000000     0010
   0.00000000     0.764658987    -0.633006915      0.00000000     0001
 -0.285856159      0.00000000      0.00000000     0.481743235E-01 2000
   2.81030044      0.00000000      0.00000000    -0.611792071     1100
  -6.87214912      0.00000000      0.00000000      2.35834662     0200
   0.00000000      1.10181939    -0.325841111E-01  0.00000000     1010
   0.00000000     -11.2507420      2.22403416      0.00000000     0110
  0.272515196E-01  0.00000000      0.00000000     0.305484433     0020
   0.00000000     -2.34707278     -1.28721065      0.00000000     1001
   0.00000000      6.54958131      6.65164394      0.00000000     0101
  0.861422718E-02  0.00000000      0.00000000     0.478680706     0011
  0.454905599      0.00000000      0.00000000    -0.338951992     0002
  0.103888053      0.00000000      0.00000000    -0.190859694     3000
  -1.20361838      0.00000000      0.00000000      3.71863084     2100
   3.71282580      0.00000000      0.00000000     -23.9167528     1200
  -1.17454209      0.00000000      0.00000000      51.2765742     0300
   0.00000000     0.530176476E-01-0.872798419      0.00000000     2010
   0.00000000     0.346297083E-01  9.91096032      0.00000000     1110
   0.00000000     0.395758274     -29.6882466      0.00000000     0210
   3.46937333      0.00000000      0.00000000     0.494318995     1020
  -21.3880639      0.00000000      0.00000000     -3.43465094     0120
   0.00000000      28.4845637     -8.92560957      0.00000000     0030
   0.00000000     -2.87731948     -1.67113501      0.00000000     2001
   0.00000000      20.8766885      23.9902519      0.00000000     1101
   0.00000000     -44.7984835     -73.1160580      0.00000000     0201
   3.01225874      0.00000000      0.00000000      1.17120313     1011
  -17.7037092      0.00000000      0.00000000     -3.82594855     0111
   0.00000000      45.8408191     -13.5676634      0.00000000     0021
   1.53252180      0.00000000      0.00000000    -0.715677947     1002
  -9.37276912      0.00000000      0.00000000      4.25599214     0102
   0.00000000      25.2348751     -14.0225195      0.00000000     0012
   0.00000000      27.9166050      5.08535560      0.00000000     0003
  0.821870665E-01  0.00000000      0.00000000    -0.764805058     4000
  -3.08119458      0.00000000      0.00000000      18.5870278     3100
   36.2382820      0.00000000      0.00000000     -168.385129     2200
  -173.804600      0.00000000      0.00000000      674.293963     1300
   297.199516      0.00000000      0.00000000     -1007.05525     0400
   0.00000000      14.3989713      1.67800573      0.00000000     3010
   0.00000000     -269.966744     -21.4112695      0.00000000     2110
   0.00000000      1683.27074      79.7044051      0.00000000     1210
   0.00000000     -3492.67729     -68.4974568      0.00000000     0310
  -7.04901133      0.00000000      0.00000000      3.54248758     2020
   70.2806916      0.00000000      0.00000000     -44.8469730     1120
  -169.190248      0.00000000      0.00000000      141.775480     0220
   0.00000000     -63.7057595      18.8112263      0.00000000     1030
   0.00000000      277.782264     -80.1326054      0.00000000     0130
  0.157215915      0.00000000      0.00000000    -0.955407179     0040
   0.00000000      23.5880996     -5.27814928      0.00000000     3001
   0.00000000     -460.946715      91.8274465      0.00000000     2101
   0.00000000      2962.19931     -533.048077      0.00000000     1201
   0.00000000     -6255.38854      1022.99730      0.00000000     0301
   16.6228741      0.00000000      0.00000000      26.1573137     2011
  -182.606014      0.00000000      0.00000000     -307.569716     1111
   489.011322      0.00000000      0.00000000      900.932047     0211
   0.00000000      149.574004     -56.5759891      0.00000000     1021
   0.00000000     -604.040736      252.829714      0.00000000     0121
 -0.255902018      0.00000000      0.00000000     -4.91764375     0031
   13.6714751      0.00000000      0.00000000      15.0735435     2002
  -144.618305      0.00000000      0.00000000     -183.434915     1102
   377.523597      0.00000000      0.00000000      559.737767     0202
   0.00000000      193.658025     -92.9041850      0.00000000     1012
   0.00000000     -843.149727      439.109487      0.00000000     0112
   3.38496078      0.00000000      0.00000000     -2.11947310     0022
   0.00000000      118.390903     -6.09532615      0.00000000     1003
   0.00000000     -381.749569     -24.1680613      0.00000000     0103
   5.27231421      0.00000000      0.00000000     -21.6979024     0013
  -6.13244862      0.00000000      0.00000000     -6.12459100     0004
   8.03327332      0.00000000      0.00000000      25.2259293     5000
  -227.463303      0.00000000      0.00000000     -772.737598     4100
   2600.33808      0.00000000      0.00000000      9443.33298     3200
  -14975.4467      0.00000000      0.00000000     -57581.8615     2300
   43387.8260      0.00000000      0.00000000      175264.417     1400
  -50539.4681      0.00000000      0.00000000     -213094.760     0500
   0.00000000     -189.694151     -10.9029271      0.00000000     4010
   0.00000000      4434.61919      184.321030      0.00000000     3110
   0.00000000     -39128.3261     -1135.97561      0.00000000     2210
   0.00000000      154164.207      2941.52330      0.00000000     1310
   0.00000000     -228571.969     -2533.17129      0.00000000     0410
   2.10213697      0.00000000      0.00000000     -104.864546     3020
  -33.4041383      0.00000000      0.00000000      1887.18151     2120
   159.595682      0.00000000      0.00000000     -11303.7767     1220
  -238.333289      0.00000000      0.00000000      22548.7320     0320
   0.00000000      368.805665     -53.9292244      0.00000000     2030
   0.00000000     -4100.70432      611.527480      0.00000000     1130
   0.00000000      11637.9752     -1767.45688      0.00000000     0230
   47.0106923      0.00000000      0.00000000      40.6476240     1040
  -284.122565      0.00000000      0.00000000     -243.275319     0140
   0.00000000      143.406324     -38.6483884      0.00000000     0050
   0.00000000     -160.174447      43.3585542      0.00000000     4001
   0.00000000      4364.10787     -778.171071      0.00000000     3101
   0.00000000     -42875.7078      5355.79823      0.00000000     2201
   0.00000000      183049.118     -16879.4728      0.00000000     1301
   0.00000000     -289119.037      20738.0852      0.00000000     0401
  -1.22307711      0.00000000      0.00000000     -367.101596     3011
   139.213851      0.00000000      0.00000000      6500.90504     2111
  -1234.32540      0.00000000      0.00000000     -38597.4723     1211
   2939.57111      0.00000000      0.00000000      76738.0217     0311
   0.00000000      382.169105     -127.162923      0.00000000     2021
   0.00000000     -6726.38370      1438.95933      0.00000000     1121
   0.00000000      24408.9683     -4083.03746      0.00000000     0221
   61.2272643      0.00000000      0.00000000      204.486076     1031
  -421.859234      0.00000000      0.00000000     -1216.90731     0131
   0.00000000      450.954728     -91.0839643      0.00000000     0041
  -104.778008      0.00000000      0.00000000     -191.020309     3002
   1428.76586      0.00000000      0.00000000      3813.59792     2102
  -6742.83693      0.00000000      0.00000000     -24738.9655     1202
   11052.4759      0.00000000      0.00000000      52632.6901     0302
   0.00000000      2852.11854      311.015124      0.00000000     2012
   0.00000000     -29122.8755     -2088.17458      0.00000000     1112
   0.00000000      76280.3434      3040.09127      0.00000000     0212
   353.831088      0.00000000      0.00000000      355.368893     1022
  -1795.67785      0.00000000      0.00000000     -2334.69844     0122
   0.00000000      1105.65095     -537.612400      0.00000000     0032
   0.00000000     -837.982323     -1072.89632      0.00000000     2003
   0.00000000      5431.31969      9403.48474      0.00000000     1103
   0.00000000     -6400.89113     -20784.3504      0.00000000     0203
  -543.009778      0.00000000      0.00000000      709.961776     1013
   2337.07952      0.00000000      0.00000000     -3903.25033     0113
   0.00000000      781.611372      673.136013      0.00000000     0023
   567.372270      0.00000000      0.00000000     -138.573396     1004
  -2366.92236      0.00000000      0.00000000      209.294576     0104
   0.00000000     -3930.15397     -847.350163      0.00000000     0014
   0.00000000      1643.87319      1377.22065      0.00000000     0005
 ------------------------------------------------------------------------------
