   65   15
 0.50000E-01
 0.15000E+00
 0.25000E+00
 0.35000E+00
 0.45000E+00
 0.55000E+00
 0.65000E+00
 0.75000E+00
 0.85000E+00
 0.95000E+00
 0.10500E+01
 0.11500E+01
 0.12500E+01
 0.13500E+01
 0.14500E+01
 0.15500E+01
 0.16500E+01
 0.17500E+01
 0.18500E+01
 0.19500E+01
 0.20500E+01
 0.21500E+01
 0.22500E+01
 0.23500E+01
 0.24500E+01
 0.25500E+01
 0.26500E+01
 0.27500E+01
 0.28500E+01
 0.29500E+01
 0.30500E+01
 0.31500E+01
 0.32500E+01
 0.33500E+01
 0.34500E+01
 0.35500E+01
 0.36500E+01
 0.37500E+01
 0.38500E+01
 0.39500E+01
 0.40500E+01
 0.41500E+01
 0.42500E+01
 0.43500E+01
 0.44500E+01
 0.45500E+01
 0.46500E+01
 0.47500E+01
 0.48500E+01
 0.49500E+01
 0.50500E+01
 0.51500E+01
 0.52500E+01
 0.53500E+01
 0.54500E+01
 0.55500E+01
 0.56500E+01
 0.57500E+01
 0.58500E+01
 0.59500E+01
 0.60500E+01
 0.61500E+01
 0.62500E+01
 0.63500E+01
 0.64500E+01
    0.55000E-02    0.10000E-02
    0.85505E-02    0.40020E-02
    0.13950E-01    0.47500E-02
    0.20200E-01    0.87500E-02
    0.27700E-01    0.75000E-02
    0.37700E-01    0.10000E-01
    0.47700E-01    0.10000E-01
    0.57700E-01    0.10000E-01
    0.67700E-01    0.15000E-01
    0.87700E-01    0.20000E-01
    0.10770E+00    0.22500E-01
    0.13270E+00    0.25000E-01
    0.15770E+00    0.25000E-01
    0.18270E+00    0.25000E-01
    0.20770E+00    0.25000E-01
    0.26852E+04    0.20536E+04    0.13194E+04    0.76044E+03
    0.42438E+03    0.22639E+03    0.12123E+03    0.64661E+02
    0.34837E+02    0.18789E+02    0.10265E+02    0.57028E+01
    0.28645E+01    0.16611E+01    0.87651E+00    0.47387E+00
    0.26701E+00    0.13996E+00    0.88818E-01    0.55453E-01
    0.38387E-01    0.29229E-01    0.22839E-01    0.19135E-01
    0.16007E-01    0.13425E-01    0.11213E-01    0.92610E-02
    0.75519E-02    0.60826E-02    0.48317E-02    0.37856E-02
    0.29268E-02    0.22373E-02    0.16846E-02    0.12563E-02
    0.92357E-03    0.66540E-03    0.48075E-03    0.33546E-03
    0.23628E-03    0.16803E-03    0.11376E-03    0.71949E-04
    0.41107E-04    0.24208E-04    0.15664E-04    0.91824E-05
    0.45175E-05    0.14244E-05    0.50579E-06    0.74304E-06
    0.98338E-06    0.12197E-05    0.14449E-05    0.16518E-05
    0.18334E-05    0.19825E-05    0.20921E-05    0.21549E-05
    0.21639E-05    0.21119E-05    0.19919E-05    0.17968E-05
    0.15193E-05
    0.10136E-19    0.10136E-19    0.10136E-19    0.10136E-19
    0.10136E-19    0.10136E-19    0.10136E-19    0.10136E-19
    0.10136E-19    0.10136E-19    0.10136E-19    0.10136E-19
    0.10136E-19    0.10136E-19    0.10136E-19    0.10136E-19
    0.10136E-19    0.10136E-19    0.10136E-19    0.10136E-19
    0.10136E-19    0.10136E-19    0.10136E-19    0.10136E-19
    0.10136E-19    0.10136E-19    0.10136E-19    0.10136E-19
    0.10136E-19    0.10136E-19    0.10136E-19    0.10136E-19
    0.10136E-19    0.10136E-19    0.10136E-19    0.10136E-19
    0.10136E-19    0.10136E-19    0.10136E-19    0.10136E-19
    0.10136E-19    0.10136E-19    0.10136E-19    0.10136E-19
    0.10136E-19    0.10136E-19    0.10136E-19    0.10136E-19
    0.10136E-19    0.10136E-19    0.10136E-19    0.10136E-19
    0.10136E-19    0.10136E-19    0.10136E-19    0.10136E-19
    0.10136E-19    0.10136E-19    0.10136E-19    0.10136E-19
    0.10136E-19    0.10136E-19    0.10136E-19    0.10136E-19
    0.10136E-19
    0.12914E+03    0.10745E+03    0.76887E+02    0.50192E+02
    0.30970E+02    0.17976E+02    0.10276E+02    0.57073E+01
    0.31644E+01    0.17257E+01    0.94689E+00    0.52221E+00
    0.25841E+00    0.14705E+00    0.74926E-01    0.38581E-01
    0.20410E-01    0.94666E-02    0.54105E-02    0.28659E-02
    0.17081E-02    0.11968E-02    0.88145E-03    0.75866E-03
    0.65430E-03    0.56831E-03    0.49109E-03    0.41753E-03
    0.34756E-03    0.28502E-03    0.22929E-03    0.18130E-03
    0.14124E-03    0.10830E-03    0.81737E-04    0.60955E-04
    0.44733E-04    0.32144E-04    0.23132E-04    0.16055E-04
    0.11251E-04    0.79663E-05    0.53595E-05    0.33572E-05
    0.18862E-05    0.10933E-05    0.70450E-06    0.41114E-06
    0.20173E-06    0.64824E-07    0.29338E-07    0.46941E-07
    0.62919E-07    0.77139E-07    0.89469E-07    0.99778E-07
    0.10793E-06    0.11381E-06    0.11726E-06    0.11817E-06
    0.11639E-06    0.11180E-06    0.10427E-06    0.93667E-07
    0.79853E-07
    0.47734E+03    0.39518E+03    0.28019E+03    0.18057E+03
    0.10979E+03    0.62550E+02    0.35057E+02    0.19046E+02
    0.10320E+02    0.54943E+01    0.29407E+01    0.15855E+01
    0.75371E+00    0.41926E+00    0.20474E+00    0.99767E-01
    0.49400E-01    0.19667E-01    0.96457E-02    0.36017E-02
    0.12109E-02    0.45700E-03    0.12017E-03    0.19967E-03
    0.26125E-03    0.31023E-03    0.33473E-03    0.33097E-03
    0.30176E-03    0.26585E-03    0.22405E-03    0.18285E-03
    0.14606E-03    0.11306E-03    0.85896E-04    0.64009E-04
    0.46661E-04    0.33198E-04    0.23538E-04    0.16006E-04
    0.10991E-04    0.76411E-05    0.50035E-05    0.30000E-05
    0.15521E-05    0.82313E-06    0.51430E-06    0.28853E-06
    0.13527E-06    0.44003E-07    0.44169E-07    0.88769E-07
    0.12449E-06    0.15204E-06    0.17208E-06    0.18532E-06
    0.19245E-06    0.19416E-06    0.19113E-06    0.18407E-06
    0.17364E-06    0.16056E-06    0.14551E-06    0.12918E-06
    0.11225E-06
    0.12475E+02    0.11289E+02    0.93054E+01    0.72259E+01
    0.53176E+01    0.37448E+01    0.25553E+01    0.16846E+01
    0.10857E+01    0.67719E+00    0.41730E+00    0.25116E+00
    0.14176E+00    0.85225E-01    0.47474E-01    0.26777E-01
    0.15325E-01    0.81687E-02    0.50751E-02    0.30530E-02
    0.20108E-02    0.14558E-02    0.10838E-02    0.88852E-03
    0.73077E-03    0.60824E-03    0.50694E-03    0.41837E-03
    0.34174E-03    0.27571E-03    0.21934E-03    0.17209E-03
    0.13322E-03    0.10191E-03    0.76777E-04    0.57263E-04
    0.42091E-04    0.30318E-04    0.21899E-04    0.15278E-04
    0.10765E-04    0.76648E-05    0.51986E-05    0.32984E-05
    0.18961E-05    0.11269E-05    0.73703E-06    0.44050E-06
    0.22624E-06    0.83187E-07    0.38492E-07    0.46229E-07
    0.54437E-07    0.62780E-07    0.70924E-07    0.78530E-07
    0.85265E-07    0.90791E-07    0.94772E-07    0.96874E-07
    0.96760E-07    0.94093E-07    0.88538E-07    0.79760E-07
    0.67421E-07
    0.42163E+02    0.37827E+02    0.30653E+02    0.23289E+02
    0.16708E+02    0.11425E+02    0.75736E+01    0.48424E+01
    0.30321E+01    0.18360E+01    0.10998E+01    0.64380E+00
    0.34859E+00    0.20382E+00    0.10838E+00    0.57789E-01
    0.30928E-01    0.14507E-01    0.79902E-02    0.38820E-02
    0.19775E-02    0.11322E-02    0.64390E-03    0.50215E-03
    0.40358E-03    0.34608E-03    0.30408E-03    0.26305E-03
    0.22340E-03    0.18635E-03    0.15173E-03    0.12101E-03
    0.94875E-04    0.72828E-04    0.54939E-04    0.40813E-04
    0.29752E-04    0.21200E-04    0.15117E-04    0.10367E-04
    0.71946E-05    0.50655E-05    0.33823E-05    0.20964E-05
    0.11591E-05    0.67063E-06    0.44636E-06    0.27817E-06
    0.15917E-06    0.82476E-07    0.66387E-07    0.81068E-07
    0.92715E-07    0.10151E-06    0.10765E-06    0.11132E-06
    0.11269E-06    0.11197E-06    0.10933E-06    0.10497E-06
    0.99069E-07    0.91814E-07    0.83393E-07    0.73994E-07
    0.63802E-07
    0.18372E+01    0.17289E+01    0.15382E+01    0.13168E+01
    0.10866E+01    0.87263E+00    0.68577E+00    0.52664E+00
    0.39389E+00    0.28658E+00    0.20280E+00    0.13912E+00
    0.92305E-01    0.60659E-01    0.38220E-01    0.24055E-01
    0.15036E-01    0.90669E-02    0.59448E-02    0.38146E-02
    0.25871E-02    0.18487E-02    0.13385E-02    0.10446E-02
    0.81765E-03    0.65220E-03    0.52461E-03    0.41983E-03
    0.33632E-03    0.26668E-03    0.20964E-03    0.16311E-03
    0.12538E-03    0.95624E-04    0.71885E-04    0.53616E-04
    0.39480E-04    0.28513E-04    0.20676E-04    0.14505E-04
    0.10289E-04    0.73833E-05    0.50651E-05    0.32721E-05
    0.19414E-05    0.11963E-05    0.80421E-06    0.50281E-06
    0.28155E-06    0.12987E-06    0.72949E-07    0.67609E-07
    0.65035E-07    0.64695E-07    0.66055E-07    0.68583E-07
    0.71746E-07    0.75011E-07    0.77846E-07    0.79718E-07
    0.80093E-07    0.78440E-07    0.74226E-07    0.66918E-07
    0.55982E-07
    0.61586E+01    0.57363E+01    0.49994E+01    0.41648E+01
    0.33231E+01    0.25712E+01    0.19466E+01    0.14411E+01
    0.10442E+01    0.73789E+00    0.50992E+00    0.34254E+00
    0.22186E+00    0.14349E+00    0.88402E-01    0.54275E-01
    0.32925E-01    0.18923E-01    0.11789E-01    0.69876E-02
    0.43078E-02    0.27727E-02    0.17654E-02    0.12576E-02
    0.89385E-03    0.66188E-03    0.50395E-03    0.38368E-03
    0.29872E-03    0.23050E-03    0.17751E-03    0.13584E-03
    0.10274E-03    0.77423E-04    0.57462E-04    0.42363E-04
    0.30852E-04    0.22023E-04    0.15860E-04    0.11039E-04
    0.78096E-05    0.56308E-05    0.38944E-05    0.25527E-05
    0.15583E-05    0.10067E-05    0.71983E-06    0.49665E-06
    0.32986E-06    0.21209E-06    0.16106E-06    0.14654E-06
    0.13432E-06    0.12409E-06    0.11553E-06    0.10832E-06
    0.10213E-06    0.96653E-07    0.91560E-07    0.86534E-07
    0.81254E-07    0.75401E-07    0.68655E-07    0.60695E-07
    0.51202E-07
    0.29206E+00    0.28320E+00    0.26675E+00    0.24636E+00
    0.22387E+00    0.20093E+00    0.17841E+00    0.15631E+00
    0.13484E+00    0.11401E+00    0.93811E-01    0.75132E-01
    0.58540E-01    0.43686E-01    0.31807E-01    0.22544E-01
    0.15566E-01    0.10528E-01    0.72520E-02    0.49124E-02
    0.34191E-02    0.24351E-02    0.17397E-02    0.13144E-02
    0.99256E-03    0.76513E-03    0.59656E-03    0.46379E-03
    0.36429E-03    0.28362E-03    0.22006E-03    0.16960E-03
    0.12932E-03    0.98295E-04    0.73706E-04    0.54970E-04
    0.40557E-04    0.29383E-04    0.21415E-04    0.15131E-04
    0.10826E-04    0.78457E-05    0.54599E-05    0.36054E-05
    0.22192E-05    0.14234E-05    0.98603E-06    0.64572E-06
    0.39141E-06    0.21204E-06    0.13298E-06    0.10993E-06
    0.92863E-07    0.80931E-07    0.73299E-07    0.69132E-07
    0.67592E-07    0.67843E-07    0.69047E-07    0.70369E-07
    0.70971E-07    0.70017E-07    0.66669E-07    0.60090E-07
    0.49445E-07
    0.96282E+00    0.92420E+00    0.85261E+00    0.76485E+00
    0.66950E+00    0.57675E+00    0.49109E+00    0.41371E+00
    0.34515E+00    0.28388E+00    0.22904E+00    0.18079E+00
    0.13917E+00    0.10329E+00    0.74726E-01    0.52627E-01
    0.36035E-01    0.24038E-01    0.16215E-01    0.10639E-01
    0.70915E-02    0.47788E-02    0.31786E-02    0.22429E-02
    0.15642E-02    0.11188E-02    0.81404E-03    0.58970E-03
    0.44011E-03    0.32525E-03    0.24186E-03    0.17989E-03
    0.13246E-03    0.98378E-04    0.72050E-04    0.52784E-04
    0.38415E-04    0.27470E-04    0.19951E-04    0.14060E-04
    0.10108E-04    0.74286E-05    0.52777E-05    0.35991E-05
    0.23368E-05    0.16006E-05    0.11833E-05    0.85148E-06
    0.59564E-06    0.40643E-06    0.30443E-06    0.25291E-06
    0.21040E-06    0.17593E-06    0.14851E-06    0.12718E-06
    0.11095E-06    0.98840E-07    0.89872E-07    0.83067E-07
    0.77447E-07    0.72031E-07    0.65843E-07    0.57901E-07
    0.47227E-07
    0.57042E-01    0.56140E-01    0.54668E-01    0.52872E-01
    0.50821E-01    0.48608E-01    0.46278E-01    0.43743E-01
    0.40997E-01    0.37973E-01    0.34699E-01    0.31195E-01
    0.27519E-01    0.23759E-01    0.20073E-01    0.16475E-01
    0.13192E-01    0.10351E-01    0.78831E-02    0.59226E-02
    0.44142E-02    0.32663E-02    0.24044E-02    0.18044E-02
    0.13468E-02    0.10186E-02    0.77560E-03    0.58849E-03
    0.45301E-03    0.34583E-03    0.26430E-03    0.20135E-03
    0.15197E-03    0.11499E-03    0.85924E-04    0.64049E-04
    0.47353E-04    0.34439E-04    0.25279E-04    0.18041E-04
    0.13060E-04    0.95913E-05    0.68005E-05    0.46162E-05
    0.29674E-05    0.19894E-05    0.14227E-05    0.97518E-06
    0.63376E-06    0.38521E-06    0.25807E-06    0.20109E-06
    0.15645E-06    0.12267E-06    0.98274E-07    0.81788E-07
    0.71735E-07    0.66640E-07    0.65028E-07    0.65423E-07
    0.66350E-07    0.66332E-07    0.63895E-07    0.57563E-07
    0.45860E-07
    0.16837E+00    0.16476E+00    0.15839E+00    0.15019E+00
    0.14061E+00    0.13063E+00    0.12066E+00    0.11096E+00
    0.10165E+00    0.92526E-01    0.83620E-01    0.74685E-01
    0.65646E-01    0.56715E-01    0.47937E-01    0.39363E-01
    0.31498E-01    0.24632E-01    0.18609E-01    0.13808E-01
    0.10094E-01    0.72687E-02    0.51654E-02    0.37200E-02
    0.26420E-02    0.18960E-02    0.13669E-02    0.97714E-03
    0.71595E-03    0.51833E-03    0.37820E-03    0.27644E-03
    0.20010E-03    0.14711E-03    0.10671E-03    0.77786E-04
    0.56556E-04    0.40486E-04    0.29615E-04    0.21083E-04
    0.15344E-04    0.11437E-04    0.82808E-05    0.57973E-05
    0.39081E-05    0.27640E-05    0.20772E-05    0.15236E-05
    0.10890E-05    0.75945E-06    0.56326E-06    0.44753E-06
    0.35261E-06    0.27634E-06    0.21655E-06    0.17106E-06
    0.13773E-06    0.11437E-06    0.98831E-07    0.88940E-07
    0.82532E-07    0.77442E-07    0.71504E-07    0.62553E-07
    0.48422E-07
    0.17863E-01    0.17737E-01    0.17542E-01    0.17331E-01
    0.17100E-01    0.16833E-01    0.16524E-01    0.16132E-01
    0.15645E-01    0.15055E-01    0.14363E-01    0.13588E-01
    0.12744E-01    0.11847E-01    0.10883E-01    0.98842E-02
    0.88369E-02    0.77487E-02    0.66398E-02    0.55791E-02
    0.45637E-02    0.36559E-02    0.28875E-02    0.22407E-02
    0.17226E-02    0.13203E-02    0.10074E-02    0.76366E-03
    0.58338E-03    0.44169E-03    0.33486E-03    0.25323E-03
    0.18993E-03    0.14347E-03    0.10702E-03    0.79658E-04
    0.58860E-04    0.42850E-04    0.31623E-04    0.22737E-04
    0.16605E-04    0.12316E-04    0.88513E-05    0.61248E-05
    0.40510E-05    0.27902E-05    0.20322E-05    0.14280E-05
    0.96093E-06    0.61434E-06    0.42268E-06    0.32273E-06
    0.24318E-06    0.18174E-06    0.13611E-06    0.10400E-06
    0.83115E-07    0.71157E-07    0.65833E-07    0.64848E-07
    0.65908E-07    0.66716E-07    0.64979E-07    0.58402E-07
    0.44690E-07
    0.40030E-01    0.39968E-01    0.39840E-01    0.39622E-01
    0.39274E-01    0.38774E-01    0.38111E-01    0.37270E-01
    0.36241E-01    0.35033E-01    0.33652E-01    0.32090E-01
    0.30342E-01    0.28460E-01    0.26309E-01    0.23980E-01
    0.21452E-01    0.18758E-01    0.15951E-01    0.13265E-01
    0.10691E-01    0.84009E-02    0.64838E-02    0.48907E-02
    0.36374E-02    0.26889E-02    0.19716E-02    0.14302E-02
    0.10496E-02    0.76044E-03    0.55367E-03    0.40311E-03
    0.29066E-03    0.21332E-03    0.15441E-03    0.11227E-03
    0.81441E-04    0.58230E-04    0.42736E-04    0.30565E-04
    0.22366E-04    0.16769E-04    0.12235E-04    0.86533E-05
    0.59144E-05    0.42274E-05    0.31901E-05    0.23501E-05
    0.16868E-05    0.11795E-05    0.86835E-06    0.67737E-06
    0.52112E-06    0.39600E-06    0.29845E-06    0.22490E-06
    0.17175E-06    0.13543E-06    0.11237E-06    0.98990E-07
    0.91708E-07    0.86949E-07    0.81135E-07    0.70689E-07
    0.52033E-07
    0.78356E-02    0.78003E-02    0.77706E-02    0.77420E-02
    0.77049E-02    0.76462E-02    0.75613E-02    0.74413E-02
    0.72860E-02    0.70958E-02    0.68694E-02    0.66245E-02
    0.63716E-02    0.60995E-02    0.58382E-02    0.55823E-02
    0.53100E-02    0.50073E-02    0.46935E-02    0.43077E-02
    0.38692E-02    0.33978E-02    0.29130E-02    0.24155E-02
    0.19704E-02    0.15721E-02    0.12328E-02    0.95608E-03
    0.73566E-03    0.56036E-03    0.42575E-03    0.32182E-03
    0.24118E-03    0.18191E-03    0.13551E-03    0.10081E-03
    0.74500E-04    0.54295E-04    0.40193E-04    0.29028E-04
    0.21321E-04    0.15926E-04    0.11553E-04    0.80981E-05
    0.54550E-05    0.38186E-05    0.28091E-05    0.19999E-05
    0.13694E-05    0.89639E-06    0.62372E-06    0.47146E-06
    0.34953E-06    0.25460E-06    0.18338E-06    0.13253E-06
    0.98761E-07    0.78742E-07    0.69162E-07    0.66706E-07
    0.68061E-07    0.69911E-07    0.68942E-07    0.61839E-07
    0.45287E-07
    0.11238E-01    0.11479E-01    0.11937E-01    0.12511E-01
    0.13141E-01    0.13738E-01    0.14261E-01    0.14668E-01
    0.14945E-01    0.15087E-01    0.15088E-01    0.14976E-01
    0.14767E-01    0.14447E-01    0.14041E-01    0.13557E-01
    0.12944E-01    0.12176E-01    0.11314E-01    0.10263E-01
    0.90698E-02    0.78156E-02    0.65658E-02    0.53149E-02
    0.42257E-02    0.32798E-02    0.24952E-02    0.18728E-02
    0.13959E-02    0.10268E-02    0.75457E-03    0.55208E-03
    0.39980E-03    0.29364E-03    0.21269E-03    0.15468E-03
    0.11219E-03    0.80242E-04    0.58961E-04    0.42242E-04
    0.30983E-04    0.23294E-04    0.17056E-04    0.12119E-04
    0.83317E-05    0.59774E-05    0.45118E-05    0.33231E-05
    0.23824E-05    0.16612E-05    0.12143E-05    0.93671E-06
    0.71009E-06    0.52922E-06    0.38884E-06    0.28371E-06
    0.20858E-06    0.15819E-06    0.12730E-06    0.11065E-06
    0.10298E-06    0.99054E-07    0.93615E-07    0.81410E-07
    0.57188E-07
    0.45702E-02    0.45233E-02    0.44733E-02    0.44245E-02
    0.43709E-02    0.43042E-02    0.42226E-02    0.41251E-02
    0.40138E-02    0.38929E-02    0.37648E-02    0.36385E-02
    0.35202E-02    0.34025E-02    0.33100E-02    0.32314E-02
    0.31664E-02    0.31096E-02    0.30582E-02    0.29750E-02
    0.28709E-02    0.27179E-02    0.25063E-02    0.22508E-02
    0.19690E-02    0.16654E-02    0.13731E-02    0.11116E-02
    0.87648E-03    0.68263E-03    0.52584E-03    0.40073E-03
    0.30244E-03    0.22864E-03    0.17068E-03    0.12712E-03
    0.94018E-04    0.68601E-04    0.50881E-04    0.36847E-04
    0.27165E-04    0.20383E-04    0.14875E-04    0.10510E-04
    0.71586E-05    0.50574E-05    0.37395E-05    0.26795E-05
    0.18501E-05    0.12241E-05    0.85522E-06    0.64226E-06
    0.47127E-06    0.33771E-06    0.23707E-06    0.16483E-06
    0.11648E-06    0.87481E-07    0.73330E-07    0.69503E-07
    0.71481E-07    0.74745E-07    0.74777E-07    0.67057E-07
    0.47067E-07
    0.34508E-02    0.36409E-02    0.39956E-02    0.44631E-02
    0.49981E-02    0.55389E-02    0.60558E-02    0.65117E-02
    0.68935E-02    0.71965E-02    0.74197E-02    0.75771E-02
    0.76784E-02    0.77143E-02    0.77221E-02    0.76896E-02
    0.76127E-02    0.74834E-02    0.73099E-02    0.70251E-02
    0.66600E-02    0.61807E-02    0.55838E-02    0.48972E-02
    0.41872E-02    0.34588E-02    0.27817E-02    0.21952E-02
    0.16864E-02    0.12773E-02    0.95761E-03    0.71005E-03
    0.52062E-03    0.38428E-03    0.27971E-03    0.20401E-03
    0.14819E-03    0.10616E-03    0.78068E-04    0.55993E-04
    0.41122E-04    0.30961E-04    0.22708E-04    0.16168E-04
    0.11143E-04    0.80002E-05    0.60290E-05    0.44300E-05
    0.31647E-05    0.21945E-05    0.15927E-05    0.12187E-05
    0.91401E-06    0.67149E-06    0.48399E-06    0.34437E-06
    0.24547E-06    0.18017E-06    0.14130E-06    0.12172E-06
    0.11428E-06    0.11185E-06    0.10726E-06    0.93380E-07
    0.63057E-07
    0.22790E-02    0.22230E-02    0.21590E-02    0.20954E-02
    0.20315E-02    0.19602E-02    0.18799E-02    0.17939E-02
    0.17051E-02    0.16178E-02    0.15347E-02    0.14593E-02
    0.13945E-02    0.13390E-02    0.13005E-02    0.12752E-02
    0.12667E-02    0.12754E-02    0.12936E-02    0.13238E-02
    0.13600E-02    0.13915E-02    0.14099E-02    0.14201E-02
    0.13907E-02    0.13308E-02    0.12382E-02    0.11159E-02
    0.96811E-03    0.82149E-03    0.67639E-03    0.54375E-03
    0.42953E-03    0.33126E-03    0.25210E-03    0.19024E-03
    0.14199E-03    0.10457E-03    0.77893E-04    0.56719E-04
    0.42026E-04    0.31666E-04    0.23236E-04    0.16538E-04
    0.11374E-04    0.81000E-05    0.60152E-05    0.43332E-05
    0.30118E-05    0.20088E-05    0.14059E-05    0.10477E-05
    0.75963E-06    0.53410E-06    0.36370E-06    0.24099E-06
    0.15852E-06    0.10883E-06    0.84483E-07    0.78025E-07
    0.82009E-07    0.88984E-07    0.91503E-07    0.82115E-07
    0.53374E-07
    0.33940E-03    0.41334E-03    0.55494E-03    0.74596E-03
    0.97220E-03    0.12118E-02    0.14531E-02    0.16813E-02
    0.18905E-02    0.20751E-02    0.22344E-02    0.23704E-02
    0.24860E-02    0.25816E-02    0.26681E-02    0.27419E-02
    0.28108E-02    0.28770E-02    0.29314E-02    0.29804E-02
    0.30177E-02    0.30289E-02    0.30032E-02    0.29527E-02
    0.28288E-02    0.26489E-02    0.24149E-02    0.21362E-02
    0.18188E-02    0.15151E-02    0.12239E-02    0.96468E-03
    0.74712E-03    0.56594E-03    0.42265E-03    0.31367E-03
    0.23054E-03    0.16708E-03    0.12334E-03    0.88875E-04
    0.65459E-04    0.49311E-04    0.36187E-04    0.25777E-04
    0.17769E-04    0.12737E-04    0.95647E-05    0.69931E-05
    0.49602E-05    0.34036E-05    0.24418E-05    0.18475E-05
    0.13650E-05    0.98258E-06    0.68878E-06    0.47198E-06
    0.32062E-06    0.22312E-06    0.16790E-06    0.14340E-06
    0.13804E-06    0.14025E-06    0.13846E-06    0.12109E-06
    0.76563E-07
    0.12372E-02    0.12109E-02    0.11845E-02    0.11577E-02
    0.11291E-02    0.10912E-02    0.10420E-02    0.98540E-03
    0.92432E-03    0.86323E-03    0.80455E-03    0.75100E-03
    0.70449E-03    0.66488E-03    0.63515E-03    0.61429E-03
    0.60378E-03    0.60392E-03    0.61186E-03    0.63020E-03
    0.65536E-03    0.68582E-03    0.71911E-03    0.75216E-03
    0.77912E-03    0.80057E-03    0.80676E-03    0.79280E-03
    0.76403E-03    0.71340E-03    0.64547E-03    0.56700E-03
    0.48373E-03    0.39552E-03    0.31769E-03    0.24916E-03
    0.19151E-03    0.14506E-03    0.10936E-03    0.80757E-04
    0.60396E-04    0.45667E-04    0.33657E-04    0.24090E-04
    0.16689E-04    0.11943E-04    0.88784E-05    0.64035E-05
    0.44563E-05    0.29754E-05    0.20786E-05    0.15407E-05
    0.11080E-05    0.76940E-06    0.51364E-06    0.32964E-06
    0.20623E-06    0.13227E-06    0.96609E-07    0.88099E-07
    0.95591E-07    0.10794E-06    0.11398E-06    0.10259E-06
    0.62599E-07
    0.18275E-04    0.55952E-04    0.10956E-03    0.18030E-03
    0.27062E-03    0.37013E-03    0.47314E-03    0.57406E-03
    0.67060E-03    0.75956E-03    0.84025E-03    0.91247E-03
    0.97672E-03    0.10340E-02    0.10867E-02    0.11349E-02
    0.11814E-02    0.12276E-02    0.12709E-02    0.13169E-02
    0.13616E-02    0.14047E-02    0.14444E-02    0.14767E-02
    0.14958E-02    0.15035E-02    0.14855E-02    0.14351E-02
    0.13618E-02    0.12540E-02    0.11193E-02    0.97036E-03
    0.81758E-03    0.66005E-03    0.52344E-03    0.40554E-03
    0.30792E-03    0.23034E-03    0.17218E-03    0.12590E-03
    0.93566E-04    0.70605E-04    0.51919E-04    0.37070E-04
    0.25622E-04    0.18369E-04    0.13750E-04    0.10010E-04
    0.70565E-05    0.47991E-05    0.34112E-05    0.25601E-05
    0.18707E-05    0.13264E-05    0.91027E-06    0.60545E-06
    0.39510E-06    0.26238E-06    0.19043E-06    0.16242E-06
    0.16150E-06    0.17081E-06    0.17351E-06    0.15276E-06
    0.91710E-07
    0.72378E-03    0.70080E-03    0.68161E-03    0.66576E-03
    0.65016E-03    0.62821E-03    0.59797E-03    0.56179E-03
    0.52137E-03    0.48018E-03    0.43998E-03    0.40270E-03
    0.36964E-03    0.34075E-03    0.31748E-03    0.29947E-03
    0.28723E-03    0.28087E-03    0.27954E-03    0.28383E-03
    0.29262E-03    0.30560E-03    0.32209E-03    0.34062E-03
    0.36057E-03    0.38012E-03    0.39845E-03    0.41429E-03
    0.42782E-03    0.43177E-03    0.42817E-03    0.41384E-03
    0.38804E-03    0.35342E-03    0.31258E-03    0.26636E-03
    0.22069E-03    0.17913E-03    0.14045E-03    0.10838E-03
    0.83349E-04    0.63695E-04    0.47563E-04    0.34604E-04
    0.24468E-04    0.17729E-04    0.13195E-04    0.95294E-05
    0.66411E-05    0.44402E-05    0.30978E-05    0.22850E-05
    0.16316E-05    0.11207E-05    0.73544E-06    0.45892E-06
    0.27425E-06    0.16456E-06    0.11298E-06    0.10260E-06
    0.11656E-06    0.13797E-06    0.14995E-06    0.13562E-06
    0.78093E-07
    0.75336E-05    0.17572E-04    0.35923E-04    0.62007E-04
    0.93582E-04    0.12866E-03    0.16596E-03    0.20369E-03
    0.24099E-03    0.27670E-03    0.31050E-03    0.34193E-03
    0.37088E-03    0.39777E-03    0.42281E-03    0.44624E-03
    0.46881E-03    0.49100E-03    0.51258E-03    0.53486E-03
    0.55711E-03    0.57996E-03    0.60340E-03    0.62585E-03
    0.64816E-03    0.66797E-03    0.68517E-03    0.69860E-03
    0.70833E-03    0.70494E-03    0.69142E-03    0.66251E-03
    0.61680E-03    0.55840E-03    0.49104E-03    0.41590E-03
    0.34243E-03    0.27616E-03    0.21519E-03    0.16490E-03
    0.12618E-03    0.96117E-04    0.71505E-04    0.51796E-04
    0.36445E-04    0.26379E-04    0.19707E-04    0.14307E-04
    0.10044E-04    0.67884E-05    0.47897E-05    0.35672E-05
    0.25797E-05    0.18028E-05    0.12118E-05    0.78200E-06
    0.48894E-06    0.30797E-06    0.21448E-06    0.18389E-06
    0.19159E-06    0.21299E-06    0.22348E-06    0.19846E-06
    0.11333E-06
    0.39868E-03    0.38927E-03    0.38670E-03    0.38716E-03
    0.38759E-03    0.38184E-03    0.36800E-03    0.34803E-03
    0.32334E-03    0.29683E-03    0.26995E-03    0.24435E-03
    0.22110E-03    0.20017E-03    0.18259E-03    0.16818E-03
    0.15720E-03    0.14972E-03    0.14540E-03    0.14427E-03
    0.14591E-03    0.15014E-03    0.15667E-03    0.16503E-03
    0.17478E-03    0.18510E-03    0.19614E-03    0.20759E-03
    0.21889E-03    0.22813E-03    0.23514E-03    0.23859E-03
    0.23771E-03    0.23367E-03    0.22337E-03    0.20793E-03
    0.18862E-03    0.16665E-03    0.14139E-03    0.11810E-03
    0.95513E-04    0.74871E-04    0.57630E-04    0.43474E-04
    0.32090E-04    0.23864E-04    0.17843E-04    0.12960E-04
    0.90970E-05    0.61377E-05    0.42970E-05    0.31545E-05
    0.22374E-05    0.15217E-05    0.98359E-06    0.59902E-06
    0.34408E-06    0.19482E-06    0.12731E-06    0.11761E-06
    0.14177E-06    0.17584E-06    0.19590E-06    0.17800E-06
    0.98189E-07
    0.16260E-04    0.22704E-04    0.29182E-04    0.37342E-04
    0.49027E-04    0.62656E-04    0.77346E-04    0.92541E-04
    0.10793E-03    0.12312E-03    0.13794E-03    0.15216E-03
    0.16566E-03    0.17860E-03    0.19074E-03    0.20219E-03
    0.21320E-03    0.22394E-03    0.23447E-03    0.24497E-03
    0.25535E-03    0.26591E-03    0.27674E-03    0.28758E-03
    0.29868E-03    0.30921E-03    0.31991E-03    0.33076E-03
    0.34091E-03    0.34895E-03    0.35449E-03    0.35584E-03
    0.35192E-03    0.34424E-03    0.32813E-03    0.30518E-03
    0.27676E-03    0.24434E-03    0.20702E-03    0.17263E-03
    0.13932E-03    0.10892E-03    0.83590E-04    0.62850E-04
    0.46228E-04    0.34341E-04    0.25720E-04    0.18727E-04
    0.13193E-04    0.89513E-05    0.63115E-05    0.46699E-05
    0.33473E-05    0.23103E-05    0.15251E-05    0.95823E-06
    0.57606E-06    0.34503E-06    0.23154E-06    0.20201E-06
    0.22286E-06    0.26050E-06    0.28135E-06    0.25183E-06
    0.13834E-06
    0.27797E-03    0.26699E-03    0.26208E-03    0.26129E-03
    0.26197E-03    0.25876E-03    0.24983E-03    0.23632E-03
    0.21911E-03    0.20032E-03    0.18097E-03    0.16230E-03
    0.14511E-03    0.12937E-03    0.11584E-03    0.10440E-03
    0.95183E-04    0.88224E-04    0.83328E-04    0.80450E-04
    0.79384E-04    0.79970E-04    0.82025E-04    0.85278E-04
    0.89670E-04    0.94876E-04    0.10072E-03    0.10697E-03
    0.11335E-03    0.11933E-03    0.12466E-03    0.12905E-03
    0.13223E-03    0.13427E-03    0.13401E-03    0.13179E-03
    0.12718E-03    0.12011E-03    0.11109E-03    0.10036E-03
    0.86233E-04    0.71168E-04    0.57985E-04    0.46559E-04
    0.36765E-04    0.28471E-04    0.21559E-04    0.15910E-04
    0.11396E-04    0.78918E-05    0.56098E-05    0.41134E-05
    0.29121E-05    0.19745E-05    0.12695E-05    0.76564E-06
    0.43165E-06    0.23623E-06    0.14807E-06    0.13586E-06
    0.16831E-06    0.21410E-06    0.24194E-06    0.22050E-06
    0.11850E-06
    0.17140E-04    0.18649E-04    0.21713E-04    0.25921E-04
    0.31086E-04    0.36890E-04    0.43129E-04    0.49696E-04
    0.56509E-04    0.63408E-04    0.70325E-04    0.77121E-04
    0.83712E-04    0.90126E-04    0.96270E-04    0.10218E-03
    0.10787E-03    0.11336E-03    0.11868E-03    0.12388E-03
    0.12898E-03    0.13405E-03    0.13912E-03    0.14409E-03
    0.14929E-03    0.15453E-03    0.15989E-03    0.16531E-03
    0.17052E-03    0.17538E-03    0.17951E-03    0.18279E-03
    0.18501E-03    0.18608E-03    0.18474E-03    0.18137E-03
    0.17509E-03    0.16561E-03    0.15373E-03    0.13929E-03
    0.11986E-03    0.98996E-04    0.80723E-04    0.64872E-04
    0.51273E-04    0.39730E-04    0.30094E-04    0.22222E-04
    0.15936E-04    0.11058E-04    0.78920E-05    0.58212E-05
    0.41544E-05    0.28490E-05    0.18624E-05    0.11520E-05
    0.67527E-06    0.38958E-06    0.25235E-06    0.22101E-06
    0.25297E-06    0.30564E-06    0.33643E-06    0.30277E-06
    0.16207E-06
    0.15150E-03    0.14847E-03    0.15269E-03    0.16009E-03
    0.16783E-03    0.17137E-03    0.16920E-03    0.16245E-03
    0.15195E-03    0.13955E-03    0.12616E-03    0.11287E-03
    0.10038E-03    0.88676E-04    0.78421E-04    0.69536E-04
    0.62133E-04    0.56238E-04    0.51730E-04    0.48571E-04
    0.46645E-04    0.45823E-04    0.45980E-04    0.46930E-04
    0.48738E-04    0.51270E-04    0.54244E-04    0.57445E-04
    0.60743E-04    0.64054E-04    0.67242E-04    0.70180E-04
    0.72739E-04    0.74872E-04    0.76212E-04    0.76732E-04
    0.76351E-04    0.75011E-04    0.73289E-04    0.69717E-04
    0.63629E-04    0.56295E-04    0.49146E-04    0.42245E-04
    0.35655E-04    0.28854E-04    0.22441E-04    0.17104E-04
    0.12742E-04    0.92556E-05    0.67701E-05    0.49783E-05
    0.35370E-05    0.24092E-05    0.15580E-05    0.94653E-06
    0.53772E-06    0.29468E-06    0.18048E-06    0.15816E-06
    0.19080E-06    0.24143E-06    0.27314E-06    0.24896E-06
    0.13197E-06
    0.14146E-04    0.15895E-04    0.17115E-04    0.18456E-04
    0.20684E-04    0.23364E-04    0.26270E-04    0.29363E-04
    0.32608E-04    0.35949E-04    0.39357E-04    0.42769E-04
    0.46142E-04    0.49472E-04    0.52708E-04    0.55856E-04
    0.58894E-04    0.61816E-04    0.64643E-04    0.67350E-04
    0.69970E-04    0.72505E-04    0.74974E-04    0.77305E-04
    0.79795E-04    0.82410E-04    0.85013E-04    0.87516E-04
    0.89832E-04    0.92095E-04    0.94176E-04    0.96068E-04
    0.97708E-04    0.98987E-04    0.99673E-04    0.99658E-04
    0.98831E-04    0.97084E-04    0.95199E-04    0.90900E-04
    0.83434E-04    0.74330E-04    0.65301E-04    0.56452E-04
    0.47889E-04    0.38862E-04    0.30256E-04    0.23093E-04
    0.17237E-04    0.12555E-04    0.92173E-05    0.68092E-05
    0.48683E-05    0.33454E-05    0.21916E-05    0.13579E-05
    0.79527E-06    0.45480E-06    0.28746E-06    0.24427E-06
    0.27623E-06    0.33435E-06    0.36965E-06    0.33312E-06
    0.17579E-06
