 -0.257291278E-15          0.              0.    -0.200651622E-15 00000
  0.313067973              0.              0.     0.244149732     10000
  -2.81432885              0.              0.     0.231937841     01000
           0.    -0.257281459     0.226484786              0.     00100
           0.     -2.39542890     -1.77809858              0.     00010
   1.00402094              0.              0.     0.759729944     00001
 -0.314231312              0.              0.    -0.220547382     20000
   2.41733814              0.              0.      2.25714776     11000
   3.60650310              0.              0.      3.24414194     02000
           0.      1.26151722    -0.309683716              0.     10100
           0.      1.29934905    -0.235617757              0.     01100
 -0.149882184E-02          0.              0.     0.463023099E-02 00200
           0.     -17.9646185      4.21245083              0.     10010
           0.     -17.6267722      4.34317908              0.     01010
  0.167798081              0.              0.    -0.955726476E-02 00110
  -2.27708308              0.              0.     -1.27070177     10001
   7.43040097              0.              0.      7.18324861     01001
           0.      4.00746066    -0.977989766              0.     00101
  -1.36230485              0.              0.     0.221542639     00020
           0.     -57.1796599      13.5336529              0.     00011
  -4.07672793              0.              0.     -1.83479985     00002
  0.819287744              0.              0.     0.505347194     30000
  -12.1157901              0.              0.     -8.60407725     21000
   51.3424838              0.              0.      43.6590735     12000
  -76.8329486              0.              0.     -51.3736560     03000
           0.     -3.15626466     0.788805997              0.     20100
           0.      35.9808809     -8.80111498              0.     11100
           0.     -93.9552907      23.0417331              0.     02100
  0.590972081              0.              0.     0.547129237     10200
  -5.30126842              0.              0.     -4.90955208     01200
           0.     -1.81214828     0.430486120              0.     00300
           0.      44.3010012     -11.0000183              0.     20010
           0.     -506.855781      123.899845              0.     11010
           0.      1359.68293     -340.720219              0.     02010
  -17.1033587              0.              0.     -15.7516564     10110
   151.815341              0.              0.      140.330788     01110
           0.      77.6087762     -18.6133406              0.     00210
   8.37413768              0.              0.      4.63716565     20001
  -80.1531309              0.              0.     -50.6715026     11001
   171.118755              0.              0.      134.322196     02001
           0.     -17.6858664      4.46386158              0.     10101
           0.      100.130306     -24.8230932              0.     01101
   1.92777362              0.              0.      1.41313954     00201
   124.793155              0.              0.      113.937700     10020
  -1105.55306              0.              0.     -1012.82175     01020
           0.     -1110.42272      267.818519              0.     00120
           0.      250.231227     -62.8512889              0.     10011
           0.     -1416.58994      351.509659              0.     01011
  -56.3144978              0.              0.     -41.0999999     00111
   28.7592638              0.              0.      14.8350089     10002
  -137.169420              0.              0.     -79.6129145     01002
           0.     -27.3784671      6.93993088              0.     00102
           0.      5297.42030     -1283.14488              0.     00030
   415.336566              0.              0.      301.668011     00021
           0.      391.263077     -99.1092770              0.     00012
   33.1729309              0.              0.      16.3075901     00003
  -2.40523022              0.              0.     -1.39100835     40000
   47.4076598              0.              0.      29.7116513     31000
  -306.156172              0.              0.     -214.863548     22000
   685.605419              0.              0.      571.038557     13000
  -162.496396              0.              0.     -246.783679     04000
           0.      6.51117924     -1.65002228              0.     30100
           0.     -97.9785480      24.5428156              0.     21100
           0.      361.667823     -89.1104262              0.     12100
           0.     -72.0678109      16.3420757              0.     03100
  -2.07909330              0.              0.     -1.38988577     20200
   24.0158588              0.              0.      17.5808667     11200
  -48.0340338              0.              0.     -45.8144686     02200
           0.      4.36634836     -1.08518672              0.     10300
           0.     -27.3425955      6.64659934              0.     01300
 -0.210099216E-02          0.              0.    -0.247110926E-02 00400
           0.     -90.9362921      22.8605985              0.     30010
           0.      1356.08294     -336.713981              0.     21010
           0.     -4870.78006      1183.12132              0.     12010
           0.      226.241007      7.53016320              0.     03010
   58.3253733              0.              0.      38.8620982     20110
  -668.007184              0.              0.     -487.201228     11110
   1312.98601              0.              0.      1248.24677     02110
           0.     -185.730865      45.8670622              0.     10210
           0.      1138.93499     -274.323813              0.     01210
  0.368412443              0.              0.     0.364003803     00310
  -32.4619350              0.              0.     -17.8061393     30001
   472.326587              0.              0.      279.530319     21001
  -1997.10655              0.              0.     -1320.41143     12001
   2122.87605              0.              0.      1730.24715     03001
           0.      60.3741717     -15.2810173              0.     20101
           0.     -601.596371      150.710519              0.     11101
           0.      1122.97315     -276.779762              0.     02101
  -13.8067354              0.              0.     -8.29102912     10201
   78.0473138              0.              0.      49.5721900     01201
           0.      11.8751239     -2.95885342              0.     00301
  -410.321012              0.              0.     -272.148089     20020
   4662.24734              0.              0.      3383.33362     11020
  -8932.54964              0.              0.     -8496.73130     02020
           0.      2620.48442     -642.479533              0.     10120
           0.     -15801.9428      3768.72534              0.     01120
  -11.8093358              0.              0.     -11.2333038     00220
           0.     -849.188681      213.493070              0.     20011
           0.      8392.45213     -2086.88772              0.     11011
           0.     -15314.0704      3717.78622              0.     02011
   389.504461              0.              0.      233.344535     10111
  -2189.50239              0.              0.     -1388.45423     01111
           0.     -512.316590      126.865773              0.     00211
  -165.616526              0.              0.     -87.0939072     20002
   1588.76428              0.              0.      898.788478     11002
  -3296.17178              0.              0.     -2072.95674     02002
           0.      192.780700     -48.6939438              0.     10102
           0.     -952.126840      238.349272              0.     01102
  -22.4797504              0.              0.     -12.5247399     00202
           0.     -12279.2767      2986.18160              0.     10030
           0.      73004.0696     -17218.2407              0.     01030
   136.890711              0.              0.      127.842804     00130
  -2759.67655              0.              0.     -1647.95876     10021
   15428.1874              0.              0.      9758.50248     01021
           0.      7336.68125     -1803.95206              0.     00121
           0.     -2728.83980      685.618749              0.     10012
           0.      13358.7793     -3322.18363              0.     01012
   638.106484              0.              0.      354.440877     00112
  -378.814368              0.              0.     -192.183690     10003
   1804.33318              0.              0.      981.694937     01003
           0.      210.278157     -52.9838014              0.     00103
  -528.726769              0.              0.     -488.526208     00040
           0.     -34930.8892      8520.18556              0.     00031
  -4556.14287              0.              0.     -2520.40298     00022
           0.     -2995.30342      751.847905              0.     00013
  -327.515394              0.              0.     -160.925821     00004
   7.87761829              0.              0.      4.46178222     50000
  -196.261663              0.              0.     -117.614263     41000
   1793.48111              0.              0.      1155.23615     32000
  -7334.20163              0.              0.     -5179.72399     23000
   13231.9384              0.              0.      10353.3841     14000
  -9847.43357              0.              0.     -7485.92450     05000
           0.     -18.3266470      4.63684115              0.     40100
           0.      377.854386     -94.8200943              0.     31100
           0.     -2589.20243      642.160306              0.     22100
           0.      6685.51808     -1628.20534              0.     13100
           0.     -5652.81185      1336.19250              0.     04100
   8.50031877              0.              0.      5.24572192     30200
  -142.606600              0.              0.     -94.0515230     21200
   716.464475              0.              0.      522.567769     12200
  -1088.35669              0.              0.     -906.197628     03200
           0.     -17.3207125      4.35313499              0.     20300
           0.      220.403914     -54.6691009              0.     11300
           0.     -612.452114      149.423887              0.     02300
   1.19672573              0.              0.     0.988927224     10400
  -10.7152135              0.              0.     -8.86939247     01400
           0.    -0.768747268     0.164157457              0.     00500
           0.      257.171447     -64.5932665              0.     40010
           0.     -5287.02392      1317.38130              0.     31010
           0.      36169.9720     -8910.74785              0.     22010
           0.     -94009.8240      22793.3307              0.     13010
           0.      83430.9103     -19962.3811              0.     04010
  -237.261271              0.              0.     -146.410110     30110
   3968.74750              0.              0.      2617.80142     21110
  -19878.5598              0.              0.     -14510.5878     12110
   30083.2418              0.              0.      25136.4235     03110
           0.      736.020312     -184.298257              0.     20210
           0.     -9329.85949      2306.74283              0.     11210
           0.      25916.4578     -6310.54377              0.     02210
  -69.7587465              0.              0.     -57.8664392     10310
   618.496292              0.              0.      515.365455     01310
           0.      57.9643242     -13.0667552              0.     00410
   132.446858              0.              0.      72.4528690     40001
  -2610.73265              0.              0.     -1507.71382     31001
   17685.5384              0.              0.      10949.7641     22001
  -47679.9181              0.              0.     -32285.9040     13001
   43259.8082              0.              0.      32381.7810     04001
           0.     -232.777606      58.8033906              0.     30101
           0.      3548.07033     -889.804011              0.     21101
           0.     -16033.6669      3979.84730              0.     12101
           0.      20693.4049     -5051.37618              0.     03101
   84.1002699              0.              0.      48.9034821     20201
  -930.085960              0.              0.     -572.095318     11201
   2335.71283              0.              0.      1569.05323     02201
           0.     -101.376022      25.5016593              0.     10301
           0.      640.812451     -159.370227              0.     01301
   3.64712230              0.              0.      2.78636282     00401
   1661.89897              0.              0.      1025.02838     30020
  -27767.4222              0.              0.     -18306.6280     21020
   138956.817              0.              0.      101436.321     12020
  -210430.634              0.              0.     -176149.165     03020
           0.     -10404.3703      2595.44314              0.     20120
           0.      131631.664     -32443.6767              0.     11120
           0.     -366163.349      89013.5299              0.     02120
   1513.89784              0.              0.      1260.00818     10220
  -13330.8693              0.              0.     -11167.1722     01220
           0.     -1733.60822      399.468235              0.     00320
           0.      3279.58240     -823.125509              0.     30011
           0.     -49825.1415      12418.1231              0.     21011
           0.      224548.033     -55416.3102              0.     12011
           0.     -291063.759      70843.9387              0.     03011
  -2356.54073              0.              0.     -1370.28159     20111
   26005.3453              0.              0.      15999.8624     11111
  -65107.0942              0.              0.     -43793.8525     02111
           0.      4332.92454     -1086.29468              0.     10211
           0.     -27288.8212      6769.35085              0.     01211
  -212.792299              0.              0.     -162.834637     00311
   897.233309              0.              0.      476.338380     30002
  -13147.2953              0.              0.     -7359.79087     21002
   58806.1185              0.              0.      35252.1030     12002
  -78639.3485              0.              0.     -51485.2540     03002
           0.     -1131.88855      285.407794              0.     20102
           0.      11392.4478     -2853.85802              0.     11102
           0.     -25569.8440      6346.76569              0.     02102
   278.181010              0.              0.      154.762586     10202
  -1535.96096              0.              0.     -898.910042     01202
           0.     -152.360820      38.2693172              0.     00302
           0.      48986.1569     -12174.3118              0.     20030
           0.     -619632.721      152282.264              0.     11030
           0.      1729499.20     -419996.764              0.     02030
  -14526.6749              0.              0.     -12127.2555     10130
   127371.506              0.              0.      107155.721     01130
           0.      25576.3286     -5938.42758              0.     00230
   16584.4509              0.              0.      9640.28348     20021
  -182939.088              0.              0.     -112526.720     11021
   457599.490              0.              0.      307997.793     02021
           0.     -61632.2484      15398.6493              0.     10121
           0.      387417.124     -95865.0545              0.     01121
   4622.70579              0.              0.      3546.26563     00221
           0.      16009.5845     -4014.39707              0.     20012
           0.     -160562.580      40009.7397              0.     11012
           0.      359183.459     -88747.9273              0.     02012
  -7827.94132              0.              0.     -4354.47206     10112
   43164.0819              0.              0.      25264.0145     01112
           0.      6551.82436     -1640.80335              0.     00212
   3060.63311              0.              0.      1581.91451     20003
  -29689.3197              0.              0.     -16167.0539     11003
   65879.8610              0.              0.      38413.8266     02003
           0.     -2484.90476      625.414400              0.     10103
           0.      12436.0354     -3111.55617              0.     01103
   307.465130              0.              0.      165.325417     00203
   52114.7324              0.              0.      43629.3286     10040
  -456123.987              0.              0.     -385011.540     01040
           0.     -186143.188      43250.7190              0.     00140
           0.      292106.930     -72735.5783              0.     10031
           0.     -1835524.83      453180.387              0.     01031
  -44410.0272              0.              0.     -34179.1817     00131
   55370.9518              0.              0.      30789.2796     10022
  -305430.923              0.              0.     -178721.903     01022
           0.     -93788.9663      23417.8478              0.     00122
           0.      35283.3994     -8839.19621              0.     10013
           0.     -175909.512      43824.5339              0.     01013
  -8689.18455              0.              0.     -4671.11507     00113
   5254.93639              0.              0.      2650.11397     10004
  -25353.8445              0.              0.     -13461.2588     01004
           0.     -2070.70830      520.190033              0.     00104
           0.      535675.180     -124104.686              0.     00050
   159567.086              0.              0.      123273.973     00041
           0.      447511.802     -111415.137              0.     00032
   61779.8426              0.              0.      33194.9895     00023
           0.      29517.5679     -7387.96133              0.     00014
   3630.81633              0.              0.      1789.66658     00005
 ------------------------------------------------------------------------------
